 21 1 2017  0  0  0 0.00 0.00
 21 1 2017  0  1  0 0.00 0.00
 21 1 2017  0  2  0 0.00 0.00
 21 1 2017  0  3  0 0.00 0.00
 21 1 2017  0  4  0 0.00 0.00
 21 1 2017  0  5  0 0.00 0.00
 21 1 2017  0  6  0 0.00 0.00
 21 1 2017  0  7  0 0.00 0.00
 21 1 2017  0  8  0 0.00 0.00
 21 1 2017  0  9  0 0.00 0.00
 21 1 2017  0 10  0 0.00 0.00
 21 1 2017  0 11  0 0.00 0.00
 21 1 2017  0 12  0 0.00 0.00
 21 1 2017  0 13  0 0.00 0.00
 21 1 2017  0 14  0 0.00 0.00
 21 1 2017  0 15  0 0.00 0.00
 21 1 2017  0 16  0 0.00 0.00
 21 1 2017  0 17  0 0.00 0.00
 21 1 2017  0 18  0 0.00 0.00
 21 1 2017  0 19  0 0.00 0.00
 21 1 2017  0 20  0 0.00 0.00
 21 1 2017  0 21  0 0.00 0.00
 21 1 2017  0 22  0 0.00 0.00
 21 1 2017  0 23  0 0.00 0.00
 21 1 2017  0 24  0 0.00 0.00
 21 1 2017  0 25  0 0.00 0.00
 21 1 2017  0 26  0 0.00 0.00
 21 1 2017  0 27  0 0.00 0.00
 21 1 2017  0 28  0 0.00 0.00
 21 1 2017  0 29  0 0.00 0.00
 21 1 2017  0 30  0 0.00 0.00
 21 1 2017  0 31  0 0.00 0.00
 21 1 2017  0 32  0 0.00 0.00
 21 1 2017  0 33  0 0.00 0.00
 21 1 2017  0 34  0 0.00 0.00
 21 1 2017  0 35  0 0.00 0.00
 21 1 2017  0 36  0 0.00 0.00
 21 1 2017  0 37  0 0.00 0.00
 21 1 2017  0 38  0 0.00 0.00
 21 1 2017  0 39  0 0.00 0.00
 21 1 2017  0 40  0 0.00 0.00
 21 1 2017  0 41  0 0.00 0.00
 21 1 2017  0 42  0 0.00 0.00
 21 1 2017  0 43  0 0.00 0.00
 21 1 2017  0 44  0 0.00 0.00
 21 1 2017  0 45  0 0.00 0.00
 21 1 2017  0 46  0 0.00 0.00
 21 1 2017  0 47  0 0.00 0.00
 21 1 2017  0 48  0 0.00 0.00
 21 1 2017  0 49  0 0.00 0.00
 21 1 2017  0 50  0 0.00 0.00
 21 1 2017  0 51  0 0.00 0.00
 21 1 2017  0 52  0 0.00 0.00
 21 1 2017  0 53  0 0.00 0.00
 21 1 2017  0 54  0 0.00 0.00
 21 1 2017  0 55  0 0.00 0.00
 21 1 2017  0 56  0 0.00 0.00
 21 1 2017  0 57  0 0.00 0.00
 21 1 2017  0 58  0 0.00 0.00
 21 1 2017  0 59  0 0.00 0.00
 21 1 2017  1  0  0 0.00 0.00
 21 1 2017  1  1  0 0.00 0.00
 21 1 2017  1  2  0 0.00 0.00
 21 1 2017  1  3  0 0.00 0.00
 21 1 2017  1  4  0 0.00 0.00
 21 1 2017  1  5  0 0.00 0.00
 21 1 2017  1  6  0 0.00 0.00
 21 1 2017  1  7  0 0.00 0.00
 21 1 2017  1  8  0 0.00 0.00
 21 1 2017  1  9  0 0.00 0.00
 21 1 2017  1 10  0 0.00 0.00
 21 1 2017  1 11  0 0.00 0.00
 21 1 2017  1 12  0 0.00 0.00
 21 1 2017  1 13  0 0.00 0.00
 21 1 2017  1 14  0 0.00 0.00
 21 1 2017  1 15  0 0.00 0.00
 21 1 2017  1 16  0 0.00 0.00
 21 1 2017  1 17  0 0.00 0.00
 21 1 2017  1 18  0 0.00 0.00
 21 1 2017  1 19  0 0.00 0.00
 21 1 2017  1 20  0 0.00 0.00
 21 1 2017  1 21  0 0.00 0.00
 21 1 2017  1 22  0 0.00 0.00
 21 1 2017  1 23  0 0.00 0.00
 21 1 2017  1 24  0 0.00 0.00
 21 1 2017  1 25  0 0.00 0.00
 21 1 2017  1 26  0 0.00 0.00
 21 1 2017  1 27  0 0.00 0.00
 21 1 2017  1 28  0 0.00 0.00
 21 1 2017  1 29  0 0.00 0.00
 21 1 2017  1 30  0 0.00 0.00
 21 1 2017  1 31  0 0.00 0.00
 21 1 2017  1 32  0 0.00 0.00
 21 1 2017  1 33  0 0.00 0.00
 21 1 2017  1 34  0 0.00 0.00
 21 1 2017  1 35  0 0.00 0.00
 21 1 2017  1 36  0 0.00 0.00
 21 1 2017  1 37  0 0.00 0.00
 21 1 2017  1 38  0 0.00 0.00
 21 1 2017  1 39  0 0.00 0.00
 21 1 2017  1 40  0 0.00 0.00
 21 1 2017  1 41  0 0.00 0.00
 21 1 2017  1 42  0 0.00 0.00
 21 1 2017  1 43  0 0.00 0.00
 21 1 2017  1 44  0 0.00 0.00
 21 1 2017  1 45  0 0.00 0.00
 21 1 2017  1 46  0 0.00 0.00
 21 1 2017  1 47  0 0.00 0.00
 21 1 2017  1 48  0 0.00 0.00
 21 1 2017  1 49  0 0.00 0.00
 21 1 2017  1 50  0 0.00 0.00
 21 1 2017  1 51  0 0.00 0.00
 21 1 2017  1 52  0 0.00 0.00
 21 1 2017  1 53  0 0.00 0.00
 21 1 2017  1 54  0 0.00 0.00
 21 1 2017  1 55  0 0.00 0.00
 21 1 2017  1 56  0 0.00 0.00
 21 1 2017  1 57  0 0.00 0.00
 21 1 2017  1 58  0 0.00 0.00
 21 1 2017  1 59  0 0.00 0.00
 21 1 2017  2  0  0 0.00 0.00
 21 1 2017  2  1  0 0.00 0.00
 21 1 2017  2  2  0 0.00 0.00
 21 1 2017  2  3  0 0.00 0.00
 21 1 2017  2  4  0 0.00 0.00
 21 1 2017  2  5  0 0.00 0.00
 21 1 2017  2  6  0 0.00 0.00
 21 1 2017  2  7  0 0.00 0.00
 21 1 2017  2  8  0 0.00 0.00
 21 1 2017  2  9  0 0.00 0.00
 21 1 2017  2 10  0 0.00 0.00
 21 1 2017  2 11  0 0.00 0.00
 21 1 2017  2 12  0 0.00 0.00
 21 1 2017  2 13  0 0.00 0.00
 21 1 2017  2 14  0 0.00 0.00
 21 1 2017  2 15  0 0.00 0.00
 21 1 2017  2 16  0 0.00 0.00
 21 1 2017  2 17  0 0.00 0.00
 21 1 2017  2 18  0 0.00 0.00
 21 1 2017  2 19  0 0.00 0.00
 21 1 2017  2 20  0 0.00 0.00
 21 1 2017  2 21  0 0.00 0.00
 21 1 2017  2 22  0 0.00 0.00
 21 1 2017  2 23  0 0.00 0.00
 21 1 2017  2 24  0 0.00 0.00
 21 1 2017  2 25  0 0.00 0.00
 21 1 2017  2 26  0 0.00 0.00
 21 1 2017  2 27  0 0.00 0.00
 21 1 2017  2 28  0 0.00 0.00
 21 1 2017  2 29  0 0.00 0.00
 21 1 2017  2 30  0 0.00 0.00
 21 1 2017  2 31  0 0.00 0.00
 21 1 2017  2 32  0 0.00 0.00
 21 1 2017  2 33  0 0.00 0.00
 21 1 2017  2 34  0 0.00 0.00
 21 1 2017  2 35  0 0.00 0.00
 21 1 2017  2 36  0 0.00 0.00
 21 1 2017  2 37  0 0.00 0.00
 21 1 2017  2 38  0 0.00 0.00
 21 1 2017  2 39  0 0.00 0.00
 21 1 2017  2 40  0 0.00 0.00
 21 1 2017  2 41  0 0.00 0.00
 21 1 2017  2 42  0 0.00 0.00
 21 1 2017  2 43  0 0.00 0.00
 21 1 2017  2 44  0 0.00 0.00
 21 1 2017  2 45  0 0.00 0.00
 21 1 2017  2 46  0 0.00 0.00
 21 1 2017  2 47  0 0.00 0.00
 21 1 2017  2 48  0 0.00 0.00
 21 1 2017  2 49  0 0.00 0.00
 21 1 2017  2 50  0 0.00 0.00
 21 1 2017  2 51  0 0.00 0.00
 21 1 2017  2 52  0 0.00 0.00
 21 1 2017  2 53  0 0.00 0.00
 21 1 2017  2 54  0 0.00 0.00
 21 1 2017  2 55  0 0.00 0.00
 21 1 2017  2 56  0 0.00 0.00
 21 1 2017  2 57  0 0.00 0.00
 21 1 2017  2 58  0 0.00 0.00
 21 1 2017  2 59  0 0.00 0.00
 21 1 2017  3  0  0 0.00 0.00
 21 1 2017  3  1  0 0.00 0.00
 21 1 2017  3  2  0 0.00 0.00
 21 1 2017  3  3  0 0.00 0.00
 21 1 2017  3  4  0 0.00 0.00
 21 1 2017  3  5  0 0.00 0.00
 21 1 2017  3  6  0 0.00 0.00
 21 1 2017  3  7  0 0.00 0.00
 21 1 2017  3  8  0 0.00 0.00
 21 1 2017  3  9  0 0.00 0.00
 21 1 2017  3 10  0 0.00 0.00
 21 1 2017  3 11  0 0.00 0.00
 21 1 2017  3 12  0 0.00 0.00
 21 1 2017  3 13  0 0.00 0.00
 21 1 2017  3 14  0 0.00 0.00
 21 1 2017  3 15  0 0.00 0.00
 21 1 2017  3 16  0 0.00 0.00
 21 1 2017  3 17  0 0.00 0.00
 21 1 2017  3 18  0 0.00 0.00
 21 1 2017  3 19  0 0.00 0.00
 21 1 2017  3 20  0 0.00 0.00
 21 1 2017  3 21  0 0.00 0.00
 21 1 2017  3 22  0 0.00 0.00
 21 1 2017  3 23  0 0.00 0.00
 21 1 2017  3 24  0 0.00 0.00
 21 1 2017  3 25  0 0.00 0.00
 21 1 2017  3 26  0 0.00 0.00
 21 1 2017  3 27  0 0.00 0.00
 21 1 2017  3 28  0 0.00 0.00
 21 1 2017  3 29  0 0.00 0.00
 21 1 2017  3 30  0 0.00 0.00
 21 1 2017  3 31  0 0.00 0.00
 21 1 2017  3 32  0 0.00 0.00
 21 1 2017  3 33  0 0.00 0.00
 21 1 2017  3 34  0 0.00 0.00
 21 1 2017  3 35  0 0.00 0.00
 21 1 2017  3 36  0 0.00 0.00
 21 1 2017  3 37  0 0.00 0.00
 21 1 2017  3 38  0 0.00 0.00
 21 1 2017  3 39  0 0.00 0.00
 21 1 2017  3 40  0 0.00 0.00
 21 1 2017  3 41  0 0.00 0.00
 21 1 2017  3 42  0 0.00 0.00
 21 1 2017  3 43  0 0.00 0.00
 21 1 2017  3 44  0 0.00 0.00
 21 1 2017  3 45  0 0.00 0.00
 21 1 2017  3 46  0 0.00 0.00
 21 1 2017  3 47  0 0.00 0.00
 21 1 2017  3 48  0 0.00 0.00
 21 1 2017  3 49  0 0.00 0.00
 21 1 2017  3 50  0 0.00 0.00
 21 1 2017  3 51  0 0.00 0.00
 21 1 2017  3 52  0 0.00 0.00
 21 1 2017  3 53  0 0.00 0.00
 21 1 2017  3 54  0 0.00 0.00
 21 1 2017  3 55  0 0.00 0.00
 21 1 2017  3 56  0 0.00 0.00
 21 1 2017  3 57  0 0.00 0.00
 21 1 2017  3 58  0 0.00 0.00
 21 1 2017  3 59  0 0.00 0.00
 21 1 2017  4  0  0 0.00 0.00
 21 1 2017  4  1  0 0.00 0.00
 21 1 2017  4  2  0 0.00 0.00
 21 1 2017  4  3  0 0.00 0.00
 21 1 2017  4  4  0 0.00 0.00
 21 1 2017  4  5  0 0.00 0.00
 21 1 2017  4  6  0 0.00 0.00
 21 1 2017  4  7  0 0.00 0.00
 21 1 2017  4  8  0 0.00 0.00
 21 1 2017  4  9  0 0.00 0.00
 21 1 2017  4 10  0 0.00 0.00
 21 1 2017  4 11  0 0.00 0.00
 21 1 2017  4 12  0 0.00 0.00
 21 1 2017  4 13  0 0.00 0.00
 21 1 2017  4 14  0 0.00 0.00
 21 1 2017  4 15  0 0.00 0.00
 21 1 2017  4 16  0 0.00 0.00
 21 1 2017  4 17  0 0.00 0.00
 21 1 2017  4 18  0 0.00 0.00
 21 1 2017  4 19  0 0.00 0.00
 21 1 2017  4 20  0 0.00 0.00
 21 1 2017  4 21  0 0.00 0.00
 21 1 2017  4 22  0 0.00 0.00
 21 1 2017  4 23  0 0.00 0.00
 21 1 2017  4 24  0 0.00 0.00
 21 1 2017  4 25  0 0.00 0.00
 21 1 2017  4 26  0 0.00 0.00
 21 1 2017  4 27  0 0.00 0.00
 21 1 2017  4 28  0 0.00 0.00
 21 1 2017  4 29  0 0.00 0.00
 21 1 2017  4 30  0 0.00 0.00
 21 1 2017  4 31  0 0.00 0.00
 21 1 2017  4 32  0 0.00 0.00
 21 1 2017  4 33  0 0.00 0.00
 21 1 2017  4 34  0 0.00 0.00
 21 1 2017  4 35  0 0.00 0.00
 21 1 2017  4 36  0 0.00 0.00
 21 1 2017  4 37  0 0.00 0.00
 21 1 2017  4 38  0 0.00 0.00
 21 1 2017  4 39  0 0.00 0.00
 21 1 2017  4 40  0 0.00 0.00
 21 1 2017  4 41  0 0.00 0.00
 21 1 2017  4 42  0 0.00 0.00
 21 1 2017  4 43  0 0.00 0.00
 21 1 2017  4 44  0 0.00 0.00
 21 1 2017  4 45  0 0.00 0.00
 21 1 2017  4 46  0 0.00 0.00
 21 1 2017  4 47  0 0.00 0.00
 21 1 2017  4 48  0 0.00 0.00
 21 1 2017  4 49  0 0.00 0.00
 21 1 2017  4 50  0 0.00 0.00
 21 1 2017  4 51  0 0.00 0.00
 21 1 2017  4 52  0 0.00 0.00
 21 1 2017  4 53  0 0.00 0.00
 21 1 2017  4 54  0 0.00 0.00
 21 1 2017  4 55  0 0.00 0.00
 21 1 2017  4 56  0 0.00 0.00
 21 1 2017  4 57  0 0.00 0.00
 21 1 2017  4 58  0 0.00 0.00
 21 1 2017  4 59  0 0.00 0.00
 21 1 2017  5  0  0 0.00 0.00
 21 1 2017  5  1  0 0.00 0.00
 21 1 2017  5  2  0 0.00 0.00
 21 1 2017  5  3  0 0.00 0.00
 21 1 2017  5  4  0 0.00 0.00
 21 1 2017  5  5  0 0.00 0.00
 21 1 2017  5  6  0 0.00 0.00
 21 1 2017  5  7  0 0.00 0.00
 21 1 2017  5  8  0 0.00 0.00
 21 1 2017  5  9  0 0.00 0.00
 21 1 2017  5 10  0 0.00 0.00
 21 1 2017  5 11  0 0.00 0.00
 21 1 2017  5 12  0 0.00 0.00
 21 1 2017  5 13  0 0.00 0.00
 21 1 2017  5 14  0 0.00 0.00
 21 1 2017  5 15  0 0.00 0.00
 21 1 2017  5 16  0 0.00 0.00
 21 1 2017  5 17  0 0.00 0.00
 21 1 2017  5 18  0 0.00 0.00
 21 1 2017  5 19  0 0.00 0.00
 21 1 2017  5 20  0 0.00 0.00
 21 1 2017  5 21  0 0.00 0.00
 21 1 2017  5 22  0 0.00 0.00
 21 1 2017  5 23  0 0.00 0.00
 21 1 2017  5 24  0 0.00 0.00
 21 1 2017  5 25  0 0.00 0.00
 21 1 2017  5 26  0 0.00 0.00
 21 1 2017  5 27  0 0.00 0.00
 21 1 2017  5 28  0 0.00 0.00
 21 1 2017  5 29  0 0.00 0.00
 21 1 2017  5 30  0 0.00 0.00
 21 1 2017  5 31  0 0.00 0.00
 21 1 2017  5 32  0 0.00 0.00
 21 1 2017  5 33  0 0.00 0.00
 21 1 2017  5 34  0 0.00 0.00
 21 1 2017  5 35  0 0.00 0.00
 21 1 2017  5 36  0 0.00 0.00
 21 1 2017  5 37  0 0.00 0.00
 21 1 2017  5 38  0 0.00 0.00
 21 1 2017  5 39  0 0.00 0.00
 21 1 2017  5 40  0 0.00 0.00
 21 1 2017  5 41  0 0.00 0.00
 21 1 2017  5 42  0 0.00 0.00
 21 1 2017  5 43  0 0.00 0.00
 21 1 2017  5 44  0 0.00 0.00
 21 1 2017  5 45  0 0.00 0.00
 21 1 2017  5 46  0 0.00 0.00
 21 1 2017  5 47  0 0.00 0.00
 21 1 2017  5 48  0 0.00 0.00
 21 1 2017  5 49  0 0.00 0.00
 21 1 2017  5 50  0 0.00 0.00
 21 1 2017  5 51  0 0.00 0.00
 21 1 2017  5 52  0 0.00 0.00
 21 1 2017  5 53  0 0.00 0.00
 21 1 2017  5 54  0 0.00 0.00
 21 1 2017  5 55  0 0.00 0.00
 21 1 2017  5 56  0 0.00 0.00
 21 1 2017  5 57  0 0.00 0.00
 21 1 2017  5 58  0 0.00 0.00
 21 1 2017  5 59  0 0.00 0.00
 21 1 2017  6  0  0 0.00 0.00
 21 1 2017  6  1  0 0.00 0.00
 21 1 2017  6  2  0 0.00 0.00
 21 1 2017  6  3  0 0.00 0.00
 21 1 2017  6  4  0 0.00 0.00
 21 1 2017  6  5  0 0.00 0.00
 21 1 2017  6  6  0 0.00 0.00
 21 1 2017  6  7  0 0.00 0.00
 21 1 2017  6  8  0 0.00 0.00
 21 1 2017  6  9  0 0.00 0.00
 21 1 2017  6 10  0 0.00 0.00
 21 1 2017  6 11  0 0.00 0.00
 21 1 2017  6 12  0 0.00 0.00
 21 1 2017  6 13  0 0.00 0.00
 21 1 2017  6 14  0 0.00 0.00
 21 1 2017  6 15  0 0.00 0.00
 21 1 2017  6 16  0 0.00 0.00
 21 1 2017  6 17  0 0.00 0.00
 21 1 2017  6 18  0 0.00 0.00
 21 1 2017  6 19  0 0.00 0.00
 21 1 2017  6 20  0 0.00 0.00
 21 1 2017  6 21  0 0.00 0.00
 21 1 2017  6 22  0 0.00 0.00
 21 1 2017  6 23  0 0.00 0.00
 21 1 2017  6 24  0 0.00 0.00
 21 1 2017  6 25  0 0.00 0.00
 21 1 2017  6 26  0 0.00 0.00
 21 1 2017  6 27  0 0.00 0.00
 21 1 2017  6 28  0 0.00 0.00
 21 1 2017  6 29  0 0.00 0.00
 21 1 2017  6 30  0 0.00 0.00
 21 1 2017  6 31  0 0.00 0.00
 21 1 2017  6 32  0 0.00 0.00
 21 1 2017  6 33  0 0.00 0.00
 21 1 2017  6 34  0 0.00 0.00
 21 1 2017  6 35  0 0.00 0.00
 21 1 2017  6 36  0 0.00 0.00
 21 1 2017  6 37  0 0.00 0.00
 21 1 2017  6 38  0 0.00 0.00
 21 1 2017  6 39  0 0.00 0.00
 21 1 2017  6 40  0 0.00 0.00
 21 1 2017  6 41  0 0.00 0.00
 21 1 2017  6 42  0 0.00 0.00
 21 1 2017  6 43  0 0.00 0.00
 21 1 2017  6 44  0 0.00 0.00
 21 1 2017  6 45  0 0.00 0.00
 21 1 2017  6 46  0 0.00 0.00
 21 1 2017  6 47  0 0.00 0.00
 21 1 2017  6 48  0 0.00 0.00
 21 1 2017  6 49  0 0.00 0.00
 21 1 2017  6 50  0 0.00 0.00
 21 1 2017  6 51  0 0.00 0.00
 21 1 2017  6 52  0 0.00 0.00
 21 1 2017  6 53  0 0.00 0.00
 21 1 2017  6 54  0 0.00 0.00
 21 1 2017  6 55  0 0.00 0.00
 21 1 2017  6 56  0 0.00 0.00
 21 1 2017  6 57  0 0.00 0.00
 21 1 2017  6 58  0 0.00 0.00
 21 1 2017  6 59  0 0.00 0.00
 21 1 2017  7  0  0 0.00 0.00
 21 1 2017  7  1  0 0.00 0.00
 21 1 2017  7  2  0 0.00 0.00
 21 1 2017  7  3  0 0.00 0.00
 21 1 2017  7  4  0 0.00 0.00
 21 1 2017  7  5  0 0.00 0.00
 21 1 2017  7  6  0 0.00 0.00
 21 1 2017  7  7  0 0.00 0.00
 21 1 2017  7  8  0 0.00 0.00
 21 1 2017  7  9  0 0.00 0.00
 21 1 2017  7 10  0 0.00 0.00
 21 1 2017  7 11  0 0.00 0.00
 21 1 2017  7 12  0 0.00 0.00
 21 1 2017  7 13  0 0.00 0.00
 21 1 2017  7 14  0 0.00 0.00
 21 1 2017  7 15  0 0.00 0.00
 21 1 2017  7 16  0 0.00 0.00
 21 1 2017  7 17  0 0.00 0.00
 21 1 2017  7 18  0 0.00 0.00
 21 1 2017  7 19  0 0.00 0.00
 21 1 2017  7 20  0 0.00 0.00
 21 1 2017  7 21  0 0.00 0.00
 21 1 2017  7 22  0 0.00 0.00
 21 1 2017  7 23  0 0.00 0.00
 21 1 2017  7 24  0 0.00 0.00
 21 1 2017  7 25  0 0.00 0.00
 21 1 2017  7 26  0 0.00 0.00
 21 1 2017  7 27  0 0.00 0.00
 21 1 2017  7 28  0 0.00 0.00
 21 1 2017  7 29  0 0.00 0.00
 21 1 2017  7 30  0 0.00 0.00
 21 1 2017  7 31  0 0.00 0.00
 21 1 2017  7 32  0 0.00 0.00
 21 1 2017  7 33  0 0.00 0.00
 21 1 2017  7 34  0 0.00 0.00
 21 1 2017  7 35  0 0.00 0.00
 21 1 2017  7 36  0 0.00 0.00
 21 1 2017  7 37  0 0.00 0.00
 21 1 2017  7 38  0 0.00 0.00
 21 1 2017  7 39  0 0.00 0.00
 21 1 2017  7 40  0 0.00 0.00
 21 1 2017  7 41  0 0.00 0.00
 21 1 2017  7 42  0 0.00 0.00
 21 1 2017  7 43  0 0.00 0.00
 21 1 2017  7 44  0 0.00 0.00
 21 1 2017  7 45  0 0.00 0.00
 21 1 2017  7 46  0 0.00 0.00
 21 1 2017  7 47  0 0.00 0.00
 21 1 2017  7 48  0 0.00 0.00
 21 1 2017  7 49  0 0.00 0.00
 21 1 2017  7 50  0 0.00 0.00
 21 1 2017  7 51  0 0.00 0.00
 21 1 2017  7 52  0 0.00 0.00
 21 1 2017  7 53  0 0.00 0.00
 21 1 2017  7 54  0 0.00 0.00
 21 1 2017  7 55  0 0.00 0.00
 21 1 2017  7 56  0 0.00 0.00
 21 1 2017  7 57  0 0.00 0.00
 21 1 2017  7 58  0 0.00 0.00
 21 1 2017  7 59  0 0.00 0.00
 21 1 2017  8  0  0 0.00 0.00
 21 1 2017  8  1  0 0.00 0.00
 21 1 2017  8  2  0 0.00 0.00
 21 1 2017  8  3  0 0.00 0.00
 21 1 2017  8  4  0 0.00 0.00
 21 1 2017  8  5  0 0.00 0.00
 21 1 2017  8  6  0 0.00 0.00
 21 1 2017  8  7  0 0.00 0.00
 21 1 2017  8  8  0 0.00 0.00
 21 1 2017  8  9  0 0.00 0.00
 21 1 2017  8 10  0 0.00 0.00
 21 1 2017  8 11  0 0.00 0.00
 21 1 2017  8 12  0 0.00 0.00
 21 1 2017  8 13  0 0.00 0.00
 21 1 2017  8 14  0 0.00 0.00
 21 1 2017  8 15  0 0.00 0.00
 21 1 2017  8 16  0 0.00 0.00
 21 1 2017  8 17  0 0.00 0.00
 21 1 2017  8 18  0 0.00 0.00
 21 1 2017  8 19  0 0.00 0.00
 21 1 2017  8 20  0 0.00 0.00
 21 1 2017  8 21  0 0.00 0.00
 21 1 2017  8 22  0 0.00 0.00
 21 1 2017  8 23  0 0.00 0.00
 21 1 2017  8 24  0 0.00 0.00
 21 1 2017  8 25  0 0.00 0.00
 21 1 2017  8 26  0 0.00 0.00
 21 1 2017  8 27  0 0.00 0.00
 21 1 2017  8 28  0 0.00 0.00
 21 1 2017  8 29  0 0.00 0.00
 21 1 2017  8 30  0 0.00 0.00
 21 1 2017  8 31  0 0.00 0.00
 21 1 2017  8 32  0 0.00 0.00
 21 1 2017  8 33  0 0.00 0.00
 21 1 2017  8 34  0 0.00 0.00
 21 1 2017  8 35  0 0.00 0.00
 21 1 2017  8 36  0 0.00 0.00
 21 1 2017  8 37  0 0.00 0.00
 21 1 2017  8 38  0 0.00 0.00
 21 1 2017  8 39  0 0.00 0.00
 21 1 2017  8 40  0 0.00 0.00
 21 1 2017  8 41  0 0.00 0.00
 21 1 2017  8 42  0 0.00 0.00
 21 1 2017  8 43  0 0.00 0.00
 21 1 2017  8 44  0 0.00 0.00
 21 1 2017  8 45  0 0.00 0.00
 21 1 2017  8 46  0 0.00 0.00
 21 1 2017  8 47  0 0.00 0.00
 21 1 2017  8 48  0 0.00 0.00
 21 1 2017  8 49  0 0.00 0.00
 21 1 2017  8 50  0 0.00 0.00
 21 1 2017  8 51  0 0.00 0.00
 21 1 2017  8 52  0 0.00 0.00
 21 1 2017  8 53  0 0.00 0.00
 21 1 2017  8 54  0 0.00 0.00
 21 1 2017  8 55  0 0.00 0.00
 21 1 2017  8 56  0 0.00 0.00
 21 1 2017  8 57  0 0.00 0.00
 21 1 2017  8 58  0 0.00 0.00
 21 1 2017  8 59  0 0.00 0.00
 21 1 2017  9  0  0 0.00 0.00
 21 1 2017  9  1  0 0.00 0.00
 21 1 2017  9  2  0 0.00 0.00
 21 1 2017  9  3  0 0.00 0.00
 21 1 2017  9  4  0 0.00 0.00
 21 1 2017  9  5  0 0.00 0.00
 21 1 2017  9  6  0 0.00 0.00
 21 1 2017  9  7  0 0.00 0.00
 21 1 2017  9  8  0 0.00 0.00
 21 1 2017  9  9  0 0.00 0.00
 21 1 2017  9 10  0 0.00 0.00
 21 1 2017  9 11  0 0.00 0.00
 21 1 2017  9 12  0 0.00 0.00
 21 1 2017  9 13  0 0.00 0.00
 21 1 2017  9 14  0 0.00 0.00
 21 1 2017  9 15  0 0.00 0.00
 21 1 2017  9 16  0 0.00 0.00
 21 1 2017  9 17  0 0.00 0.00
 21 1 2017  9 18  0 0.00 0.00
 21 1 2017  9 19  0 0.00 0.00
 21 1 2017  9 20  0 0.00 0.00
 21 1 2017  9 21  0 0.00 0.00
 21 1 2017  9 22  0 0.00 0.00
 21 1 2017  9 23  0 0.00 0.00
 21 1 2017  9 24  0 0.00 0.00
 21 1 2017  9 25  0 0.00 0.00
 21 1 2017  9 26  0 0.00 0.00
 21 1 2017  9 27  0 0.00 0.00
 21 1 2017  9 28  0 0.00 0.00
 21 1 2017  9 29  0 0.00 0.00
 21 1 2017  9 30  0 0.00 0.00
 21 1 2017  9 31  0 0.00 0.00
 21 1 2017  9 32  0 0.00 0.00
 21 1 2017  9 33  0 0.00 0.00
 21 1 2017  9 34  0 0.00 0.00
 21 1 2017  9 35  0 0.00 0.00
 21 1 2017  9 36  0 0.00 0.00
 21 1 2017  9 37  0 0.00 0.00
 21 1 2017  9 38  0 0.00 0.00
 21 1 2017  9 39  0 0.00 0.00
 21 1 2017  9 40  0 0.00 0.00
 21 1 2017  9 41  0 0.00 0.00
 21 1 2017  9 42  0 0.00 0.00
 21 1 2017  9 43  0 0.00 0.00
 21 1 2017  9 44  0 0.00 0.00
 21 1 2017  9 45  0 0.00 0.00
 21 1 2017  9 46  0 0.00 0.00
 21 1 2017  9 47  0 0.00 0.00
 21 1 2017  9 48  0 0.00 0.00
 21 1 2017  9 49  0 0.00 0.00
 21 1 2017  9 50  0 0.00 0.00
 21 1 2017  9 51  0 0.00 0.00
 21 1 2017  9 52  0 0.00 0.00
 21 1 2017  9 53  0 0.00 0.00
 21 1 2017  9 54  0 0.00 0.00
 21 1 2017  9 55  0 0.00 0.00
 21 1 2017  9 56  0 0.00 0.00
 21 1 2017  9 57  0 0.00 0.00
 21 1 2017  9 58  0 0.00 0.00
 21 1 2017  9 59  0 0.00 0.00
 21 1 2017 10  0  0 0.00 0.00
 21 1 2017 10  1  0 0.00 0.00
 21 1 2017 10  2  0 0.00 0.00
 21 1 2017 10  3  0 0.00 0.00
 21 1 2017 10  4  0 0.00 0.00
 21 1 2017 10  5  0 0.00 0.00
 21 1 2017 10  6  0 0.00 0.00
 21 1 2017 10  7  0 0.00 0.00
 21 1 2017 10  8  0 0.00 0.00
 21 1 2017 10  9  0 0.00 0.00
 21 1 2017 10 10  0 0.00 0.00
 21 1 2017 10 11  0 0.00 0.00
 21 1 2017 10 12  0 0.00 0.00
 21 1 2017 10 13  0 0.00 0.00
 21 1 2017 10 14  0 0.00 0.00
 21 1 2017 10 15  0 0.00 0.00
 21 1 2017 10 16  0 0.00 0.00
 21 1 2017 10 17  0 0.00 0.00
 21 1 2017 10 18  0 0.00 0.00
 21 1 2017 10 19  0 0.00 0.00
 21 1 2017 10 20  0 0.00 0.00
 21 1 2017 10 21  0 0.00 0.00
 21 1 2017 10 22  0 0.00 0.00
 21 1 2017 10 23  0 0.00 0.00
 21 1 2017 10 24  0 0.00 0.00
 21 1 2017 10 25  0 0.00 0.00
 21 1 2017 10 26  0 0.00 0.00
 21 1 2017 10 27  0 0.00 0.00
 21 1 2017 10 28  0 0.00 0.00
 21 1 2017 10 29  0 0.00 0.00
 21 1 2017 10 30  0 0.00 0.00
 21 1 2017 10 31  0 0.00 0.00
 21 1 2017 10 32  0 0.00 0.00
 21 1 2017 10 33  0 0.00 0.00
 21 1 2017 10 34  0 0.00 0.00
 21 1 2017 10 35  0 0.00 0.00
 21 1 2017 10 36  0 0.00 0.00
 21 1 2017 10 37  0 0.00 0.00
 21 1 2017 10 38  0 0.00 0.00
 21 1 2017 10 39  0 0.00 0.00
 21 1 2017 10 40  0 0.00 0.00
 21 1 2017 10 41  0 0.00 0.00
 21 1 2017 10 42  0 0.00 0.00
 21 1 2017 10 43  0 0.00 0.00
 21 1 2017 10 44  0 0.00 0.00
 21 1 2017 10 45  0 0.00 0.00
 21 1 2017 10 46  0 0.00 0.00
 21 1 2017 10 47  0 0.00 0.00
 21 1 2017 10 48  0 0.00 0.00
 21 1 2017 10 49  0 0.00 0.00
 21 1 2017 10 50  0 0.00 0.00
 21 1 2017 10 51  0 0.00 0.00
 21 1 2017 10 52  0 0.00 0.00
 21 1 2017 10 53  0 0.00 0.00
 21 1 2017 10 54  0 0.00 0.00
 21 1 2017 10 55  0 0.00 0.00
 21 1 2017 10 56  0 0.00 0.00
 21 1 2017 10 57  0 0.00 0.00
 21 1 2017 10 58  0 0.00 0.00
 21 1 2017 10 59  0 0.00 0.00
 21 1 2017 11  0  0 0.00 0.00
 21 1 2017 11  1  0 0.00 0.00
 21 1 2017 11  2  0 0.00 0.00
 21 1 2017 11  3  0 0.00 0.00
 21 1 2017 11  4  0 0.00 0.00
 21 1 2017 11  5  0 0.00 0.00
 21 1 2017 11  6  0 0.00 0.00
 21 1 2017 11  7  0 0.00 0.00
 21 1 2017 11  8  0 0.00 0.00
 21 1 2017 11  9  0 0.00 0.00
 21 1 2017 11 10  0 0.00 0.00
 21 1 2017 11 11  0 0.00 0.00
 21 1 2017 11 12  0 0.00 0.00
 21 1 2017 11 13  0 0.00 0.00
 21 1 2017 11 14  0 0.00 0.00
 21 1 2017 11 15  0 0.00 0.00
 21 1 2017 11 16  0 0.00 0.00
 21 1 2017 11 17  0 0.00 0.00
 21 1 2017 11 18  0 0.00 0.00
 21 1 2017 11 19  0 0.00 0.00
 21 1 2017 11 20  0 0.00 0.00
 21 1 2017 11 21  0 0.00 0.00
 21 1 2017 11 22  0 0.00 0.00
 21 1 2017 11 23  0 0.00 0.00
 21 1 2017 11 24  0 0.00 0.00
 21 1 2017 11 25  0 0.00 0.00
 21 1 2017 11 26  0 0.00 0.00
 21 1 2017 11 27  0 0.00 0.00
 21 1 2017 11 28  0 0.00 0.00
 21 1 2017 11 29  0 0.00 0.00
 21 1 2017 11 30  0 0.00 0.00
 21 1 2017 11 31  0 0.00 0.00
 21 1 2017 11 32  0 0.00 0.00
 21 1 2017 11 33  0 0.00 0.00
 21 1 2017 11 34  0 0.00 0.00
 21 1 2017 11 35  0 0.00 0.00
 21 1 2017 11 36  0 0.00 0.00
 21 1 2017 11 37  0 0.00 0.00
 21 1 2017 11 38  0 0.00 0.00
 21 1 2017 11 39  0 0.00 0.00
 21 1 2017 11 40  0 0.00 0.00
 21 1 2017 11 41  0 0.00 0.00
 21 1 2017 11 42  0 0.00 0.00
 21 1 2017 11 43  0 0.00 0.00
 21 1 2017 11 44  0 0.00 0.00
 21 1 2017 11 45  0 0.00 0.00
 21 1 2017 11 46  0 0.00 0.00
 21 1 2017 11 47  0 0.00 0.00
 21 1 2017 11 48  0 0.00 0.00
 21 1 2017 11 49  0 0.00 0.00
 21 1 2017 11 50  0 0.00 0.00
 21 1 2017 11 51  0 0.00 0.00
 21 1 2017 11 52  0 0.00 0.00
 21 1 2017 11 53  0 0.00 0.00
 21 1 2017 11 54  0 0.00 0.00
 21 1 2017 11 55  0 0.00 0.00
 21 1 2017 11 56  0 0.00 0.00
 21 1 2017 11 57  0 0.00 0.00
 21 1 2017 11 58  0 0.00 0.00
 21 1 2017 11 59  0 0.00 0.00
 21 1 2017 12  0  0 0.00 0.00
 21 1 2017 12  1  0 0.00 0.00
 21 1 2017 12  2  0 0.00 0.00
 21 1 2017 12  3  0 0.00 0.00
 21 1 2017 12  4  0 0.00 0.00
 21 1 2017 12  5  0 0.00 0.00
 21 1 2017 12  6  0 0.00 0.00
 21 1 2017 12  7  0 0.00 0.00
 21 1 2017 12  8  0 0.00 0.00
 21 1 2017 12  9  0 0.00 0.00
 21 1 2017 12 10  0 0.00 0.00
 21 1 2017 12 11  0 0.00 0.00
 21 1 2017 12 12  0 0.00 0.00
 21 1 2017 12 13  0 0.00 0.00
 21 1 2017 12 14  0 0.00 0.00
 21 1 2017 12 15  0 0.00 0.00
 21 1 2017 12 16  0 0.00 0.00
 21 1 2017 12 17  0 0.00 0.00
 21 1 2017 12 18  0 0.00 0.00
 21 1 2017 12 19  0 0.00 0.00
 21 1 2017 12 20  0 0.00 0.00
 21 1 2017 12 21  0 0.00 0.00
 21 1 2017 12 22  0 0.00 0.00
 21 1 2017 12 23  0 0.00 0.00
 21 1 2017 12 24  0 0.00 0.00
 21 1 2017 12 25  0 0.00 0.00
 21 1 2017 12 26  0 0.00 0.00
 21 1 2017 12 27  0 0.00 0.00
 21 1 2017 12 28  0 0.00 0.00
 21 1 2017 12 29  0 0.00 0.00
 21 1 2017 12 30  0 0.00 0.00
 21 1 2017 12 31  0 0.00 0.00
 21 1 2017 12 32  0 0.00 0.00
 21 1 2017 12 33  0 0.00 0.00
 21 1 2017 12 34  0 0.00 0.00
 21 1 2017 12 35  0 0.00 0.00
 21 1 2017 12 36  0 0.00 0.00
 21 1 2017 12 37  0 0.00 0.00
 21 1 2017 12 38  0 0.00 0.00
 21 1 2017 12 39  0 0.00 0.00
 21 1 2017 12 40  0 0.00 0.00
 21 1 2017 12 41  0 0.00 0.00
 21 1 2017 12 42  0 0.00 0.00
 21 1 2017 12 43  0 0.00 0.00
 21 1 2017 12 44  0 0.00 0.00
 21 1 2017 12 45  0 0.00 0.00
 21 1 2017 12 46  0 0.00 0.00
 21 1 2017 12 47  0 0.00 0.00
 21 1 2017 12 48  0 0.00 0.00
 21 1 2017 12 49  0 0.00 0.00
 21 1 2017 12 50  0 0.00 0.00
 21 1 2017 12 51  0 0.00 0.00
 21 1 2017 12 52  0 0.00 0.00
 21 1 2017 12 53  0 0.00 0.00
 21 1 2017 12 54  0 0.00 0.00
 21 1 2017 12 55  0 0.00 0.00
 21 1 2017 12 56  0 0.00 0.00
 21 1 2017 12 57  0 0.00 0.00
 21 1 2017 12 58  0 0.00 0.00
 21 1 2017 12 59  0 0.00 0.00
 21 1 2017 13  0  0 0.00 0.00
 21 1 2017 13  1  0 0.00 0.00
 21 1 2017 13  2  0 0.00 0.00
 21 1 2017 13  3  0 0.00 0.00
 21 1 2017 13  4  0 0.00 0.00
 21 1 2017 13  5  0 0.00 0.00
 21 1 2017 13  6  0 0.00 0.00
 21 1 2017 13  7  0 0.00 0.00
 21 1 2017 13  8  0 0.00 0.00
 21 1 2017 13  9  0 0.00 0.00
 21 1 2017 13 10  0 0.00 0.00
 21 1 2017 13 11  0 0.00 0.00
 21 1 2017 13 12  0 0.00 0.00
 21 1 2017 13 13  0 0.00 0.00
 21 1 2017 13 14  0 0.00 0.00
 21 1 2017 13 15  0 0.00 0.00
 21 1 2017 13 16  0 0.00 0.00
 21 1 2017 13 17  0 0.00 0.00
 21 1 2017 13 18  0 0.00 0.00
 21 1 2017 13 19  0 0.00 0.00
 21 1 2017 13 20  0 0.00 0.00
 21 1 2017 13 21  0 0.00 0.00
 21 1 2017 13 22  0 0.00 0.00
 21 1 2017 13 23  0 0.00 0.00
 21 1 2017 13 24  0 0.00 0.00
 21 1 2017 13 25  0 0.00 0.00
 21 1 2017 13 26  0 0.00 0.00
 21 1 2017 13 27  0 0.00 0.00
 21 1 2017 13 28  0 0.00 0.00
 21 1 2017 13 29  0 0.00 0.00
 21 1 2017 13 30  0 0.00 0.00
 21 1 2017 13 31  0 0.00 0.00
 21 1 2017 13 32  0 0.00 0.00
 21 1 2017 13 33  0 0.00 0.00
 21 1 2017 13 34  0 0.00 0.00
 21 1 2017 13 35  0 0.00 0.00
 21 1 2017 13 36  0 0.00 0.00
 21 1 2017 13 37  0 0.00 0.00
 21 1 2017 13 38  0 0.00 0.00
 21 1 2017 13 39  0 0.00 0.00
 21 1 2017 13 40  0 0.00 0.00
 21 1 2017 13 41  0 0.00 0.00
 21 1 2017 13 42  0 0.00 0.00
 21 1 2017 13 43  0 0.00 0.00
 21 1 2017 13 44  0 0.00 0.00
 21 1 2017 13 45  0 0.00 0.00
 21 1 2017 13 46  0 0.00 0.00
 21 1 2017 13 47  0 0.00 0.00
 21 1 2017 13 48  0 0.00 0.00
 21 1 2017 13 49  0 0.00 0.00
 21 1 2017 13 50  0 0.00 0.00
 21 1 2017 13 51  0 0.00 0.00
 21 1 2017 13 52  0 0.00 0.00
 21 1 2017 13 53  0 0.00 0.00
 21 1 2017 13 54  0 0.00 0.00
 21 1 2017 13 55  0 0.00 0.00
 21 1 2017 13 56  0 0.00 0.00
 21 1 2017 13 57  0 0.00 0.00
 21 1 2017 13 58  0 0.00 0.00
 21 1 2017 13 59  0 0.00 0.00
 21 1 2017 14  0  0 0.00 0.00
 21 1 2017 14  1  0 0.00 0.00
 21 1 2017 14  2  0 0.00 0.00
 21 1 2017 14  3  0 0.00 0.00
 21 1 2017 14  4  0 0.00 0.00
 21 1 2017 14  5  0 0.00 0.00
 21 1 2017 14  6  0 0.00 0.00
 21 1 2017 14  7  0 0.00 0.00
 21 1 2017 14  8  0 0.00 0.00
 21 1 2017 14  9  0 0.00 0.00
 21 1 2017 14 10  0 0.00 0.00
 21 1 2017 14 11  0 0.00 0.00
 21 1 2017 14 12  0 0.00 0.00
 21 1 2017 14 13  0 0.00 0.00
 21 1 2017 14 14  0 0.00 0.00
 21 1 2017 14 15  0 0.00 0.00
 21 1 2017 14 16  0 0.00 0.00
 21 1 2017 14 17  0 0.00 0.00
 21 1 2017 14 18  0 0.00 0.00
 21 1 2017 14 19  0 0.00 0.00
 21 1 2017 14 20  0 0.00 0.00
 21 1 2017 14 21  0 0.00 0.00
 21 1 2017 14 22  0 0.00 0.00
 21 1 2017 14 23  0 0.00 0.00
 21 1 2017 14 24  0 0.00 0.00
 21 1 2017 14 25  0 0.00 0.00
 21 1 2017 14 26  0 0.00 0.00
 21 1 2017 14 27  0 0.00 0.00
 21 1 2017 14 28  0 0.00 0.00
 21 1 2017 14 29  0 0.00 0.00
 21 1 2017 14 30  0 0.00 0.00
 21 1 2017 14 31  0 0.00 0.00
 21 1 2017 14 32  0 0.00 0.00
 21 1 2017 14 33  0 0.00 0.00
 21 1 2017 14 34  0 0.00 0.00
 21 1 2017 14 35  0 0.00 0.00
 21 1 2017 14 36  0 0.00 0.00
 21 1 2017 14 37  0 0.00 0.00
 21 1 2017 14 38  0 0.00 0.00
 21 1 2017 14 39  0 0.00 0.00
 21 1 2017 14 40  0 0.00 0.00
 21 1 2017 14 41  0 0.00 0.00
 21 1 2017 14 42  0 0.00 0.00
 21 1 2017 14 43  0 0.00 0.00
 21 1 2017 14 44  0 0.00 0.00
 21 1 2017 14 45  0 0.00 0.00
 21 1 2017 14 46  0 0.00 0.00
 21 1 2017 14 47  0 0.00 0.00
 21 1 2017 14 48  0 0.00 0.00
 21 1 2017 14 49  0 0.00 0.00
 21 1 2017 14 50  0 0.00 0.00
 21 1 2017 14 51  0 0.00 0.00
 21 1 2017 14 52  0 0.00 0.00
 21 1 2017 14 53  0 0.00 0.00
 21 1 2017 14 54  0 0.00 0.00
 21 1 2017 14 55  0 0.00 0.00
 21 1 2017 14 56  0 0.00 0.00
 21 1 2017 14 57  0 0.00 0.00
 21 1 2017 14 58  0 0.00 0.00
 21 1 2017 14 59  0 0.00 0.00
 21 1 2017 15  0  0 0.00 0.00
 21 1 2017 15  1  0 0.00 0.00
 21 1 2017 15  2  0 0.00 0.00
 21 1 2017 15  3  0 0.00 0.00
 21 1 2017 15  4  0 0.00 0.00
 21 1 2017 15  5  0 0.00 0.00
 21 1 2017 15  6  0 0.00 0.00
 21 1 2017 15  7  0 0.00 0.00
 21 1 2017 15  8  0 0.00 0.00
 21 1 2017 15  9  0 0.00 0.00
 21 1 2017 15 10  0 0.00 0.00
 21 1 2017 15 11  0 0.00 0.00
 21 1 2017 15 12  0 0.00 0.00
 21 1 2017 15 13  0 0.00 0.00
 21 1 2017 15 14  0 0.00 0.00
 21 1 2017 15 15  0 0.00 0.00
 21 1 2017 15 16  0 0.00 0.00
 21 1 2017 15 17  0 0.00 0.00
 21 1 2017 15 18  0 0.00 0.00
 21 1 2017 15 19  0 0.00 0.00
 21 1 2017 15 20  0 0.00 0.00
 21 1 2017 15 21  0 0.00 0.00
 21 1 2017 15 22  0 0.00 0.00
 21 1 2017 15 23  0 0.00 0.00
 21 1 2017 15 24  0 0.00 0.00
 21 1 2017 15 25  0 0.00 0.00
 21 1 2017 15 26  0 0.00 0.00
 21 1 2017 15 27  0 0.00 0.00
 21 1 2017 15 28  0 0.00 0.00
 21 1 2017 15 29  0 0.00 0.00
 21 1 2017 15 30  0 0.00 0.00
 21 1 2017 15 31  0 0.00 0.00
 21 1 2017 15 32  0 0.00 0.00
 21 1 2017 15 33  0 0.00 0.00
 21 1 2017 15 34  0 0.00 0.00
 21 1 2017 15 35  0 0.00 0.00
 21 1 2017 15 36  0 0.00 0.00
 21 1 2017 15 37  0 0.00 0.00
 21 1 2017 15 38  0 0.00 0.00
 21 1 2017 15 39  0 0.00 0.00
 21 1 2017 15 40  0 0.00 0.00
 21 1 2017 15 41  0 0.00 0.00
 21 1 2017 15 42  0 0.00 0.00
 21 1 2017 15 43  0 0.00 0.00
 21 1 2017 15 44  0 0.00 0.00
 21 1 2017 15 45  0 0.00 0.00
 21 1 2017 15 46  0 0.00 0.00
 21 1 2017 15 47  0 0.00 0.00
 21 1 2017 15 48  0 0.00 0.00
 21 1 2017 15 49  0 0.00 0.00
 21 1 2017 15 50  0 0.00 0.00
 21 1 2017 15 51  0 0.00 0.00
 21 1 2017 15 52  0 0.00 0.00
 21 1 2017 15 53  0 0.00 0.00
 21 1 2017 15 54  0 0.00 0.00
 21 1 2017 15 55  0 0.00 0.00
 21 1 2017 15 56  0 0.00 0.00
 21 1 2017 15 57  0 0.00 0.00
 21 1 2017 15 58  0 0.00 0.00
 21 1 2017 15 59  0 0.00 0.00
 21 1 2017 16  0  0 0.00 0.00
 21 1 2017 16  1  0 0.00 0.00
 21 1 2017 16  2  0 0.00 0.00
 21 1 2017 16  3  0 0.00 0.00
 21 1 2017 16  4  0 0.00 0.00
 21 1 2017 16  5  0 0.00 0.00
 21 1 2017 16  6  0 0.00 0.00
 21 1 2017 16  7  0 0.00 0.00
 21 1 2017 16  8  0 0.00 0.00
 21 1 2017 16  9  0 0.00 0.00
 21 1 2017 16 10  0 0.00 0.00
 21 1 2017 16 11  0 0.00 0.00
 21 1 2017 16 12  0 0.00 0.00
 21 1 2017 16 13  0 0.00 0.00
 21 1 2017 16 14  0 0.00 0.00
 21 1 2017 16 15  0 0.00 0.00
 21 1 2017 16 16  0 0.00 0.00
 21 1 2017 16 17  0 0.00 0.00
 21 1 2017 16 18  0 0.00 0.00
 21 1 2017 16 19  0 0.00 0.00
 21 1 2017 16 20  0 0.00 0.00
 21 1 2017 16 21  0 0.00 0.00
 21 1 2017 16 22  0 0.00 0.00
 21 1 2017 16 23  0 0.00 0.00
 21 1 2017 16 24  0 0.00 0.00
 21 1 2017 16 25  0 0.00 0.00
 21 1 2017 16 26  0 0.00 0.00
 21 1 2017 16 27  0 0.00 0.00
 21 1 2017 16 28  0 0.00 0.00
 21 1 2017 16 29  0 0.00 0.00
 21 1 2017 16 30  0 0.00 0.00
 21 1 2017 16 31  0 0.00 0.00
 21 1 2017 16 32  0 0.00 0.00
 21 1 2017 16 33  0 0.00 0.00
 21 1 2017 16 34  0 0.00 0.00
 21 1 2017 16 35  0 0.00 0.00
 21 1 2017 16 36  0 0.00 0.00
 21 1 2017 16 37  0 0.00 0.00
 21 1 2017 16 38  0 0.00 0.00
 21 1 2017 16 39  0 0.00 0.00
 21 1 2017 16 40  0 0.00 0.00
 21 1 2017 16 41  0 0.00 0.00
 21 1 2017 16 42  0 0.00 0.00
 21 1 2017 16 43  0 0.00 0.00
 21 1 2017 16 44  0 0.00 0.00
 21 1 2017 16 45  0 0.00 0.00
 21 1 2017 16 46  0 0.00 0.00
 21 1 2017 16 47  0 0.00 0.00
 21 1 2017 16 48  0 0.00 0.00
 21 1 2017 16 49  0 0.00 0.00
 21 1 2017 16 50  0 0.00 0.00
 21 1 2017 16 51  0 0.00 0.00
 21 1 2017 16 52  0 0.00 0.00
 21 1 2017 16 53  0 0.00 0.00
 21 1 2017 16 54  0 0.00 0.00
 21 1 2017 16 55  0 0.00 0.00
 21 1 2017 16 56  0 0.00 0.00
 21 1 2017 16 57  0 0.00 0.00
 21 1 2017 16 58  0 0.00 0.00
 21 1 2017 16 59  0 0.00 0.00
 21 1 2017 17  0  0 0.00 0.00
 21 1 2017 17  1  0 0.00 0.00
 21 1 2017 17  2  0 0.00 0.00
 21 1 2017 17  3  0 0.00 0.00
 21 1 2017 17  4  0 0.00 0.00
 21 1 2017 17  5  0 0.00 0.00
 21 1 2017 17  6  0 0.00 0.00
 21 1 2017 17  7  0 0.00 0.00
 21 1 2017 17  8  0 0.00 0.00
 21 1 2017 17  9  0 0.00 0.00
 21 1 2017 17 10  0 0.00 0.00
 21 1 2017 17 11  0 0.00 0.00
 21 1 2017 17 12  0 0.00 0.00
 21 1 2017 17 13  0 0.00 0.00
 21 1 2017 17 14  0 0.00 0.00
 21 1 2017 17 15  0 0.00 0.00
 21 1 2017 17 16  0 0.00 0.00
 21 1 2017 17 17  0 0.00 0.00
 21 1 2017 17 18  0 0.00 0.00
 21 1 2017 17 19  0 0.00 0.00
 21 1 2017 17 20  0 0.00 0.00
 21 1 2017 17 21  0 0.00 0.00
 21 1 2017 17 22  0 0.00 0.00
 21 1 2017 17 23  0 0.00 0.00
 21 1 2017 17 24  0 0.00 0.00
 21 1 2017 17 25  0 0.00 0.00
 21 1 2017 17 26  0 0.00 0.00
 21 1 2017 17 27  0 0.00 0.00
 21 1 2017 17 28  0 0.00 0.00
 21 1 2017 17 29  0 0.00 0.00
 21 1 2017 17 30  0 0.00 0.00
 21 1 2017 17 31  0 0.00 0.00
 21 1 2017 17 32  0 0.00 0.00
 21 1 2017 17 33  0 0.00 0.00
 21 1 2017 17 34  0 0.00 0.00
 21 1 2017 17 35  0 0.00 0.00
 21 1 2017 17 36  0 0.00 0.00
 21 1 2017 17 37  0 0.00 0.00
 21 1 2017 17 38  0 0.00 0.00
 21 1 2017 17 39  0 0.00 0.00
 21 1 2017 17 40  0 0.00 0.00
 21 1 2017 17 41  0 0.00 0.00
 21 1 2017 17 42  0 0.00 0.00
 21 1 2017 17 43  0 0.00 0.00
 21 1 2017 17 44  0 0.00 0.00
 21 1 2017 17 45  0 0.00 0.00
 21 1 2017 17 46  0 0.00 0.00
 21 1 2017 17 47  0 0.00 0.00
 21 1 2017 17 48  0 0.00 0.00
 21 1 2017 17 49  0 0.00 0.00
 21 1 2017 17 50  0 0.00 0.00
 21 1 2017 17 51  0 0.00 0.00
 21 1 2017 17 52  0 0.00 0.00
 21 1 2017 17 53  0 0.00 0.00
 21 1 2017 17 54  0 0.00 0.00
 21 1 2017 17 55  0 0.00 0.00
 21 1 2017 17 56  0 0.00 0.00
 21 1 2017 17 57  0 0.00 0.00
 21 1 2017 17 58  0 0.00 0.00
 21 1 2017 17 59  0 0.00 0.00
 21 1 2017 18  0  0 0.00 0.00
 21 1 2017 18  1  0 0.00 0.00
 21 1 2017 18  2  0 0.00 0.00
 21 1 2017 18  3  0 0.00 0.00
 21 1 2017 18  4  0 0.00 0.00
 21 1 2017 18  5  0 0.00 0.00
 21 1 2017 18  6  0 0.00 0.00
 21 1 2017 18  7  0 0.00 0.00
 21 1 2017 18  8  0 0.00 0.00
 21 1 2017 18  9  0 0.00 0.00
 21 1 2017 18 10  0 0.00 0.00
 21 1 2017 18 11  0 0.00 0.00
 21 1 2017 18 12  0 0.00 0.00
 21 1 2017 18 13  0 0.00 0.00
 21 1 2017 18 14  0 0.00 0.00
 21 1 2017 18 15  0 0.00 0.00
 21 1 2017 18 16  0 0.00 0.00
 21 1 2017 18 17  0 0.00 0.00
 21 1 2017 18 18  0 0.00 0.00
 21 1 2017 18 19  0 0.00 0.00
 21 1 2017 18 20  0 0.00 0.00
 21 1 2017 18 21  0 0.00 0.00
 21 1 2017 18 22  0 0.00 0.00
 21 1 2017 18 23  0 0.00 0.00
 21 1 2017 18 24  0 0.00 0.00
 21 1 2017 18 25  0 0.00 0.00
 21 1 2017 18 26  0 0.00 0.00
 21 1 2017 18 27  0 0.00 0.00
 21 1 2017 18 28  0 0.00 0.00
 21 1 2017 18 29  0 0.00 0.00
 21 1 2017 18 30  0 0.00 0.00
 21 1 2017 18 31  0 0.00 0.00
 21 1 2017 18 32  0 0.00 0.00
 21 1 2017 18 33  0 0.00 0.00
 21 1 2017 18 34  0 0.00 0.00
 21 1 2017 18 35  0 0.00 0.00
 21 1 2017 18 36  0 0.00 0.00
 21 1 2017 18 37  0 0.00 0.00
 21 1 2017 18 38  0 0.00 0.00
 21 1 2017 18 39  0 0.00 0.00
 21 1 2017 18 40  0 0.00 0.00
 21 1 2017 18 41  0 0.00 0.00
 21 1 2017 18 42  0 0.00 0.00
 21 1 2017 18 43  0 0.00 0.00
 21 1 2017 18 44  0 0.00 0.00
 21 1 2017 18 45  0 0.00 0.00
 21 1 2017 18 46  0 0.00 0.00
 21 1 2017 18 47  0 0.00 0.00
 21 1 2017 18 48  0 0.00 0.00
 21 1 2017 18 49  0 0.00 0.00
 21 1 2017 18 50  0 0.00 0.00
 21 1 2017 18 51  0 0.00 0.00
 21 1 2017 18 52  0 0.00 0.00
 21 1 2017 18 53  0 0.00 0.00
 21 1 2017 18 54  0 0.00 0.00
 21 1 2017 18 55  0 0.00 0.00
 21 1 2017 18 56  0 0.00 0.00
 21 1 2017 18 57  0 0.00 0.00
 21 1 2017 18 58  0 0.00 0.00
 21 1 2017 18 59  0 0.00 0.00
 21 1 2017 19  0  0 0.00 0.00
 21 1 2017 19  1  0 0.00 0.00
 21 1 2017 19  2  0 0.00 0.00
 21 1 2017 19  3  0 0.00 0.00
 21 1 2017 19  4  0 0.00 0.00
 21 1 2017 19  5  0 0.00 0.00
 21 1 2017 19  6  0 0.00 0.00
 21 1 2017 19  7  0 0.00 0.00
 21 1 2017 19  8  0 0.00 0.00
 21 1 2017 19  9  0 0.00 0.00
 21 1 2017 19 10  0 0.00 0.00
 21 1 2017 19 11  0 0.00 0.00
 21 1 2017 19 12  0 0.00 0.00
 21 1 2017 19 13  0 0.00 0.00
 21 1 2017 19 14  0 0.00 0.00
 21 1 2017 19 15  0 0.00 0.00
 21 1 2017 19 16  0 0.00 0.00
 21 1 2017 19 17  0 0.00 0.00
 21 1 2017 19 18  0 0.00 0.00
 21 1 2017 19 19  0 0.00 0.00
 21 1 2017 19 20  0 0.00 0.00
 21 1 2017 19 21  0 0.00 0.00
 21 1 2017 19 22  0 0.00 0.00
 21 1 2017 19 23  0 0.00 0.00
 21 1 2017 19 24  0 0.00 0.00
 21 1 2017 19 25  0 0.00 0.00
 21 1 2017 19 26  0 0.00 0.00
 21 1 2017 19 27  0 0.00 0.00
 21 1 2017 19 28  0 0.00 0.00
 21 1 2017 19 29  0 0.00 0.00
 21 1 2017 19 30  0 0.00 0.00
 21 1 2017 19 31  0 0.00 0.00
 21 1 2017 19 32  0 0.00 0.00
 21 1 2017 19 33  0 0.00 0.00
 21 1 2017 19 34  0 0.00 0.00
 21 1 2017 19 35  0 0.00 0.00
 21 1 2017 19 36  0 0.00 0.00
 21 1 2017 19 37  0 0.00 0.00
 21 1 2017 19 38  0 0.00 0.00
 21 1 2017 19 39  0 0.00 0.00
 21 1 2017 19 40  0 0.00 0.00
 21 1 2017 19 41  0 0.00 0.00
 21 1 2017 19 42  0 0.00 0.00
 21 1 2017 19 43  0 0.00 0.00
 21 1 2017 19 44  0 0.00 0.00
 21 1 2017 19 45  0 0.00 0.00
 21 1 2017 19 46  0 0.00 0.00
 21 1 2017 19 47  0 0.00 0.00
 21 1 2017 19 48  0 0.00 0.00
 21 1 2017 19 49  0 0.00 0.00
 21 1 2017 19 50  0 0.00 0.00
 21 1 2017 19 51  0 0.00 0.00
 21 1 2017 19 52  0 0.00 0.00
 21 1 2017 19 53  0 0.00 0.00
 21 1 2017 19 54  0 0.00 0.00
 21 1 2017 19 55  0 0.00 0.00
 21 1 2017 19 56  0 0.00 0.00
 21 1 2017 19 57  0 0.00 0.00
 21 1 2017 19 58  0 0.00 0.00
 21 1 2017 19 59  0 0.00 0.00
 21 1 2017 20  0  0 0.00 0.00
 21 1 2017 20  1  0 0.00 0.00
 21 1 2017 20  2  0 0.00 0.00
 21 1 2017 20  3  0 0.00 0.00
 21 1 2017 20  4  0 0.00 0.00
 21 1 2017 20  5  0 0.00 0.00
 21 1 2017 20  6  0 0.00 0.00
 21 1 2017 20  7  0 0.00 0.00
 21 1 2017 20  8  0 0.00 0.00
 21 1 2017 20  9  0 0.00 0.00
 21 1 2017 20 10  0 0.00 0.00
 21 1 2017 20 11  0 0.00 0.00
 21 1 2017 20 12  0 0.00 0.00
 21 1 2017 20 13  0 0.00 0.00
 21 1 2017 20 14  0 0.00 0.00
 21 1 2017 20 15  0 0.00 0.00
 21 1 2017 20 16  0 0.00 0.00
 21 1 2017 20 17  0 0.00 0.00
 21 1 2017 20 18  0 0.00 0.00
 21 1 2017 20 19  0 0.00 0.00
 21 1 2017 20 20  0 0.00 0.00
 21 1 2017 20 21  0 0.00 0.00
 21 1 2017 20 22  0 0.00 0.00
 21 1 2017 20 23  0 0.00 0.00
 21 1 2017 20 24  0 0.00 0.00
 21 1 2017 20 25  0 0.00 0.00
 21 1 2017 20 26  0 0.00 0.00
 21 1 2017 20 27  0 0.00 0.00
 21 1 2017 20 28  0 0.00 0.00
 21 1 2017 20 29  0 0.00 0.00
 21 1 2017 20 30  0 0.00 0.00
 21 1 2017 20 31  0 0.00 0.00
 21 1 2017 20 32  0 0.00 0.00
 21 1 2017 20 33  0 0.00 0.00
 21 1 2017 20 34  0 0.00 0.00
 21 1 2017 20 35  0 0.00 0.00
 21 1 2017 20 36  0 0.00 0.00
 21 1 2017 20 37  0 0.00 0.00
 21 1 2017 20 38  0 0.00 0.00
 21 1 2017 20 39  0 0.00 0.00
 21 1 2017 20 40  0 0.00 0.00
 21 1 2017 20 41  0 0.00 0.00
 21 1 2017 20 42  0 0.00 0.00
 21 1 2017 20 43  0 0.00 0.00
 21 1 2017 20 44  0 0.00 0.00
 21 1 2017 20 45  0 0.00 0.00
 21 1 2017 20 46  0 0.00 0.00
 21 1 2017 20 47  0 0.00 0.00
 21 1 2017 20 48  0 0.00 0.00
 21 1 2017 20 49  0 0.00 0.00
 21 1 2017 20 50  0 0.00 0.00
 21 1 2017 20 51  0 0.00 0.00
 21 1 2017 20 52  0 0.00 0.00
 21 1 2017 20 53  0 0.00 0.00
 21 1 2017 20 54  0 0.00 0.00
 21 1 2017 20 55  0 0.00 0.00
 21 1 2017 20 56  0 0.00 0.00
 21 1 2017 20 57  0 0.00 0.00
 21 1 2017 20 58  0 0.00 0.00
 21 1 2017 20 59  0 0.00 0.00
 21 1 2017 21  0  0 0.00 0.00
 21 1 2017 21  1  0 0.00 0.00
 21 1 2017 21  2  0 0.00 0.00
 21 1 2017 21  3  0 0.00 0.00
 21 1 2017 21  4  0 0.00 0.00
 21 1 2017 21  5  0 0.00 0.00
 21 1 2017 21  6  0 0.00 0.00
 21 1 2017 21  7  0 0.00 0.00
 21 1 2017 21  8  0 0.00 0.00
 21 1 2017 21  9  0 0.00 0.00
 21 1 2017 21 10  0 0.00 0.00
 21 1 2017 21 11  0 0.00 0.00
 21 1 2017 21 12  0 0.00 0.00
 21 1 2017 21 13  0 0.00 0.00
 21 1 2017 21 14  0 0.00 0.00
 21 1 2017 21 15  0 0.00 0.00
 21 1 2017 21 16  0 0.00 0.00
 21 1 2017 21 17  0 0.00 0.00
 21 1 2017 21 18  0 0.00 0.00
 21 1 2017 21 19  0 0.00 0.00
 21 1 2017 21 20  0 0.00 0.00
 21 1 2017 21 21  0 0.00 0.00
 21 1 2017 21 22  0 0.00 0.00
 21 1 2017 21 23  0 0.00 0.00
 21 1 2017 21 24  0 0.00 0.00
 21 1 2017 21 25  0 0.00 0.00
 21 1 2017 21 26  0 0.00 0.00
 21 1 2017 21 27  0 0.00 0.00
 21 1 2017 21 28  0 0.00 0.00
 21 1 2017 21 29  0 0.00 0.00
 21 1 2017 21 30  0 0.00 0.00
 21 1 2017 21 31  0 0.00 0.00
 21 1 2017 21 32  0 0.00 0.00
 21 1 2017 21 33  0 0.00 0.00
 21 1 2017 21 34  0 0.00 0.00
 21 1 2017 21 35  0 0.00 0.00
 21 1 2017 21 36  0 0.00 0.00
 21 1 2017 21 37  0 0.00 0.00
 21 1 2017 21 38  0 0.00 0.00
 21 1 2017 21 39  0 0.00 0.00
 21 1 2017 21 40  0 0.00 0.00
 21 1 2017 21 41  0 0.00 0.00
 21 1 2017 21 42  0 0.00 0.00
 21 1 2017 21 43  0 0.00 0.00
 21 1 2017 21 44  0 0.00 0.00
 21 1 2017 21 45  0 0.00 0.00
 21 1 2017 21 46  0 0.00 0.00
 21 1 2017 21 47  0 0.00 0.00
 21 1 2017 21 48  0 0.00 0.00
 21 1 2017 21 49  0 0.00 0.00
 21 1 2017 21 50  0 0.00 0.00
 21 1 2017 21 51  0 0.00 0.00
 21 1 2017 21 52  0 0.00 0.00
 21 1 2017 21 53  0 0.00 0.00
 21 1 2017 21 54  0 0.00 0.00
 21 1 2017 21 55  0 0.00 0.00
 21 1 2017 21 56  0 0.00 0.00
 21 1 2017 21 57  0 0.00 0.00
 21 1 2017 21 58  0 0.00 0.00
 21 1 2017 21 59  0 0.00 0.00
 21 1 2017 22  0  0 0.00 0.00
 21 1 2017 22  1  0 0.00 0.00
 21 1 2017 22  2  0 0.00 0.00
 21 1 2017 22  3  0 0.00 0.00
 21 1 2017 22  4  0 0.00 0.00
 21 1 2017 22  5  0 0.00 0.00
 21 1 2017 22  6  0 0.00 0.00
 21 1 2017 22  7  0 0.00 0.00
 21 1 2017 22  8  0 0.00 0.00
 21 1 2017 22  9  0 0.00 0.00
 21 1 2017 22 10  0 0.00 0.00
 21 1 2017 22 11  0 0.00 0.00
 21 1 2017 22 12  0 0.00 0.00
 21 1 2017 22 13  0 0.00 0.00
 21 1 2017 22 14  0 0.00 0.00
 21 1 2017 22 15  0 0.00 0.00
 21 1 2017 22 16  0 0.00 0.00
 21 1 2017 22 17  0 0.00 0.00
 21 1 2017 22 18  0 0.00 0.00
 21 1 2017 22 19  0 0.00 0.00
 21 1 2017 22 20  0 0.00 0.00
 21 1 2017 22 21  0 0.00 0.00
 21 1 2017 22 22  0 0.00 0.00
 21 1 2017 22 23  0 0.00 0.00
 21 1 2017 22 24  0 0.00 0.00
 21 1 2017 22 25  0 0.00 0.00
 21 1 2017 22 26  0 0.00 0.00
 21 1 2017 22 27  0 0.00 0.00
 21 1 2017 22 28  0 0.00 0.00
 21 1 2017 22 29  0 0.00 0.00
 21 1 2017 22 30  0 0.00 0.00
 21 1 2017 22 31  0 0.00 0.00
 21 1 2017 22 32  0 0.00 0.00
 21 1 2017 22 33  0 0.00 0.00
 21 1 2017 22 34  0 0.00 0.00
 21 1 2017 22 35  0 0.00 0.00
 21 1 2017 22 36  0 0.00 0.00
 21 1 2017 22 37  0 0.00 0.00
 21 1 2017 22 38  0 0.00 0.00
 21 1 2017 22 39  0 0.00 0.00
 21 1 2017 22 40  0 0.00 0.00
 21 1 2017 22 41  0 0.00 0.00
 21 1 2017 22 42  0 0.00 0.00
 21 1 2017 22 43  0 0.00 0.00
 21 1 2017 22 44  0 0.00 0.00
 21 1 2017 22 45  0 0.00 0.00
 21 1 2017 22 46  0 0.00 0.00
 21 1 2017 22 47  0 0.00 0.00
 21 1 2017 22 48  0 0.00 0.00
 21 1 2017 22 49  0 0.00 0.00
 21 1 2017 22 50  0 0.00 0.00
 21 1 2017 22 51  0 0.00 0.00
 21 1 2017 22 52  0 0.00 0.00
 21 1 2017 22 53  0 0.00 0.00
 21 1 2017 22 54  0 0.00 0.00
 21 1 2017 22 55  0 0.00 0.00
 21 1 2017 22 56  0 0.00 0.00
 21 1 2017 22 57  0 0.00 0.00
 21 1 2017 22 58  0 0.00 0.00
 21 1 2017 22 59  0 0.00 0.00
 21 1 2017 23  0  0 0.00 0.00
 21 1 2017 23  1  0 0.00 0.00
 21 1 2017 23  2  0 0.00 0.00
 21 1 2017 23  3  0 0.00 0.00
 21 1 2017 23  4  0 0.00 0.00
 21 1 2017 23  5  0 0.00 0.00
 21 1 2017 23  6  0 0.00 0.00
 21 1 2017 23  7  0 0.00 0.00
 21 1 2017 23  8  0 0.00 0.00
 21 1 2017 23  9  0 0.00 0.00
 21 1 2017 23 10  0 0.00 0.00
 21 1 2017 23 11  0 0.00 0.00
 21 1 2017 23 12  0 0.00 0.00
 21 1 2017 23 13  0 0.00 0.00
 21 1 2017 23 14  0 0.00 0.00
 21 1 2017 23 15  0 0.00 0.00
 21 1 2017 23 16  0 0.00 0.00
 21 1 2017 23 17  0 0.00 0.00
 21 1 2017 23 18  0 0.00 0.00
 21 1 2017 23 19  0 0.00 0.00
 21 1 2017 23 20  0 0.00 0.00
 21 1 2017 23 21  0 0.00 0.00
 21 1 2017 23 22  0 0.00 0.00
 21 1 2017 23 23  0 0.00 0.00
 21 1 2017 23 24  0 0.00 0.00
 21 1 2017 23 25  0 0.00 0.00
 21 1 2017 23 26  0 0.00 0.00
 21 1 2017 23 27  0 0.00 0.00
 21 1 2017 23 28  0 0.00 0.00
 21 1 2017 23 29  0 0.00 0.00
 21 1 2017 23 30  0 0.00 0.00
 21 1 2017 23 31  0 0.00 0.00
 21 1 2017 23 32  0 0.00 0.00
 21 1 2017 23 33  0 0.00 0.00
 21 1 2017 23 34  0 0.00 0.00
 21 1 2017 23 35  0 0.00 0.00
 21 1 2017 23 36  0 0.00 0.00
 21 1 2017 23 37  0 0.00 0.00
 21 1 2017 23 38  0 0.00 0.00
 21 1 2017 23 39  0 0.00 0.00
 21 1 2017 23 40  0 0.00 0.00
 21 1 2017 23 41  0 0.00 0.00
 21 1 2017 23 42  0 0.00 0.00
 21 1 2017 23 43  0 0.00 0.00
 21 1 2017 23 44  0 0.00 0.00
 21 1 2017 23 45  0 0.00 0.00
 21 1 2017 23 46  0 0.00 0.00
 21 1 2017 23 47  0 0.00 0.00
 21 1 2017 23 48  0 0.00 0.00
 21 1 2017 23 49  0 0.00 0.00
 21 1 2017 23 50  0 0.00 0.00
 21 1 2017 23 51  0 0.00 0.00
 21 1 2017 23 52  0 0.00 0.00
 21 1 2017 23 53  0 0.00 0.00
 21 1 2017 23 54  0 0.00 0.00
 21 1 2017 23 55  0 0.00 0.00
 21 1 2017 23 56  0 0.00 0.00
 21 1 2017 23 57  0 0.00 0.00
 21 1 2017 23 58  0 0.00 0.00
 21 1 2017 23 59  0 0.00 0.00
