    800.00     922.17       9.15
   1000.00     900.08       8.60
   1200.00     878.43       6.70
   1400.00     857.23       6.70
   1600.00     836.46       4.20
   1800.00     815.96       0.75
   2000.00     795.85       0.75
   2200.00     776.23       0.75
   2400.00     757.10       0.75
   2600.00     738.31      -3.10
   2800.00     719.85      -3.10
   3000.00     701.86      -3.10
   3200.00     684.19      -6.90
   3400.00     666.85      -6.90
   3600.00     649.81     -11.10
   3800.00     633.08     -11.10
   4000.00     616.77     -11.10
   4200.00     600.83     -13.10
   4400.00     585.10     -17.75
   4600.00     569.65     -17.75
   4800.00     554.61     -17.75
   5000.00     539.96     -17.75
   5200.00     525.70     -17.75
   5400.00     511.81     -17.75
   5600.00     498.14     -23.70
   5800.00     484.63     -25.40
   6000.00     471.44     -25.40
   6200.00     458.55     -27.70
   6400.00     445.90     -29.85
   6600.00     433.54     -29.85
   6800.00     421.45     -32.95
   7000.00     409.63     -32.95
   7200.00     398.08     -35.25
   7400.00     386.75     -37.40
   7600.00     375.70     -37.40
   7800.00     364.88     -41.10
   8000.00     354.28     -41.10
   8200.00     344.00     -41.10
   8400.00     333.88     -47.10
   8600.00     323.94     -47.10
   8800.00     314.29     -47.10
   9000.00     304.93     -47.10
   9200.00     295.74     -52.05
   9400.00     286.74     -52.05
   9600.00     278.01     -52.05
   9800.00     269.49     -55.00
  10000.00     261.13     -57.15
  10200.00     253.00     -57.15
  10400.00     245.09     -58.75
  10600.00     237.40     -58.75
  10800.00     229.91     -61.05
  11000.00     222.61     -61.05
  11200.00     215.55     -61.05
  11400.00     208.70     -62.00
  11600.00     202.05     -62.00
  11800.00     195.64     -60.25
  12000.00     189.47     -59.45
  12200.00     183.51     -59.45
  12400.00     177.73     -59.30
  12600.00     172.14     -59.30
  12800.00     166.73     -59.05
  13000.00     161.49     -59.05
  13200.00     156.41     -59.05
  13400.00     151.50     -59.20
  13600.00     146.72     -59.90
  13800.00     142.09     -59.90
  14000.00     137.61     -59.90
  14200.00     133.27     -59.90
  14400.00     129.07     -59.90
  14600.00     124.99     -60.35
  14800.00     121.04     -60.60
  15000.00     117.20     -60.60
  15200.00     113.49     -60.95
  15400.00     109.89     -60.95
  15600.00     106.41     -60.95
  15800.00     103.03     -61.35
  16000.00      99.76     -61.25
  16200.00      96.59     -61.25
  16400.00      93.53     -61.25
  16600.00      90.56     -60.95
  16800.00      87.69     -60.75
  17000.00      84.92     -60.30
  17200.00      82.23     -60.30
  17400.00      79.63     -60.30
  17600.00      77.12     -59.70
  17800.00      74.69     -59.70
  18000.00      72.33     -59.70
  18200.00      70.06     -59.35
  18400.00      67.85     -59.15
  18600.00      65.72     -58.90
  18800.00      63.66     -58.60
  19000.00      61.66     -58.05
  19200.00      59.74     -58.05
  19400.00      57.87     -58.05
  19600.00      56.06     -58.05
  19800.00      54.31     -57.45
  20000.00      52.61     -57.45
  20200.00      50.97     -56.20
  20400.00      49.40     -55.75
  20600.00      47.87     -54.85
  20800.00      46.39     -54.85
  21000.00      44.97     -53.75
  21200.00      43.59     -53.75
  21400.00      42.25     -53.75
  21600.00      40.96     -52.60
  21800.00      39.71     -52.05
  22000.00      38.50     -52.10
  22200.00      37.33     -52.45
  22400.00      36.19     -52.75
  22600.00      35.08     -53.05
  22800.00      34.01     -54.25
  23000.00      32.96     -54.25
  23200.00      31.95     -54.25
  23400.00      30.96     -54.25
  23600.00      30.01     -54.60
  23800.00      29.09     -54.60
  24000.00      28.19     -54.35
  24200.00      27.32     -54.35
  24400.00      26.48     -54.10
  24600.00      25.67     -53.80
  24800.00      24.88     -53.80
  25000.00      24.12     -53.80
  25200.00      23.38     -53.50
  25400.00      22.66     -53.30
  25600.00      21.97     -52.95
  25800.00      21.30     -52.95
  26000.00      20.65     -52.95
  26200.00      20.02     -52.95
  26400.00      19.41     -52.45
  26600.00      18.81     -52.45
  26800.00      18.24     -52.45
  27000.00      17.68     -51.95
  27200.00      17.15     -51.95
  27400.00      16.62     -51.95
  27600.00      16.12     -51.90
  27800.00      15.63     -53.00
  28000.00      15.15     -53.00
  28200.00      14.69     -53.00
  28400.00      14.24     -53.00
  28600.00      13.80     -51.60
  28800.00      13.38     -51.60
  29000.00      12.98     -51.60
  29200.00      12.58     -51.60
  29400.00      12.20     -49.80
  29600.00      11.83     -49.80
  29800.00      11.48     -49.80
  30000.00      11.13     -49.80
  30200.00      10.80     -50.60
  30400.00      10.47     -50.60
  30600.00      10.15     -50.30
  30800.00       9.85     -46.30
  31000.00       9.56     -46.30
  31200.00       9.27     -46.30
  31400.00       9.00     -46.30
  31600.00       8.73     -46.30
  31800.00       8.47     -46.30
  32000.00       8.22     -46.30
  32200.00       7.98     -43.35
  32400.00       7.74     -43.35
  32600.00       7.52     -43.35
  32800.00       7.30     -43.85
