    800.00     924.91      -0.95
   1000.00     901.97      -0.95
   1200.00     879.58      -1.35
   1400.00     857.81       0.50
   1600.00     836.65       0.50
   1800.00     815.95      -0.95
   2000.00     795.68      -1.75
   2200.00     775.88      -2.10
   2400.00     756.54      -2.60
   2600.00     737.66      -2.60
   2800.00     719.20      -4.10
   3000.00     701.13      -5.05
   3200.00     683.43      -6.55
   3400.00     666.09      -7.80
   3600.00     649.08     -10.00
   3800.00     632.38     -11.60
   4000.00     616.01     -13.30
   4200.00     599.95     -15.45
   4400.00     584.25     -15.45
   4600.00     568.89     -17.65
   4800.00     553.78     -20.60
   5000.00     538.99     -20.60
   5200.00     524.60     -20.60
   5400.00     510.59     -20.60
   5600.00     496.88     -23.40
   5800.00     483.36     -27.05
   6000.00     470.12     -27.05
   6200.00     457.24     -27.05
   6400.00     444.72     -27.05
   6600.00     432.45     -30.55
   6800.00     420.37     -32.90
   7000.00     408.58     -32.90
   7200.00     397.05     -35.60
   7400.00     385.70     -39.40
   7600.00     374.58     -39.40
   7800.00     363.79     -39.40
   8000.00     353.30     -39.40
   8200.00     342.98     -45.90
   8400.00     332.81     -45.90
   8600.00     322.95     -45.90
   8800.00     313.38     -45.90
   9000.00     304.01     -50.00
   9200.00     294.75     -54.30
   9400.00     285.69     -54.30
   9600.00     276.90     -54.30
   9800.00     268.38     -54.30
  10000.00     260.13     -54.30
  10200.00     252.06     -57.90
  10400.00     244.17     -58.90
  10600.00     236.47     -60.75
  10800.00     228.98     -60.75
  11000.00     221.72     -60.75
  11200.00     214.67     -62.90
  11400.00     207.78     -64.15
  11600.00     201.09     -64.15
  11800.00     194.61     -64.70
  12000.00     188.33     -64.70
  12200.00     182.28     -63.20
  12400.00     176.45     -62.60
  12600.00     170.82     -62.20
  12800.00     165.37     -62.20
  13000.00     160.10     -61.75
  13200.00     155.01     -61.30
  13400.00     150.09     -60.95
  13600.00     145.34     -60.75
  13800.00     140.74     -60.60
  14000.00     136.28     -60.40
  14200.00     131.97     -60.30
  14400.00     127.80     -60.45
  14600.00     123.76     -60.45
  14800.00     119.84     -60.55
  15000.00     116.05     -60.55
  15200.00     112.38     -60.65
  15400.00     108.82     -60.65
  15600.00     105.37     -60.80
  15800.00     102.04     -60.80
  16000.00      98.80     -60.75
  16200.00      95.68     -60.45
  16400.00      92.65     -60.45
  16600.00      89.72     -60.05
  16800.00      86.89     -60.05
  17000.00      84.15     -59.60
  17200.00      81.50     -59.60
  17400.00      78.93     -59.25
  17600.00      76.45     -59.05
  17800.00      74.05     -58.80
  18000.00      71.73     -57.35
  18200.00      69.50     -56.25
  18400.00      67.35     -55.55
  18600.00      65.27     -54.60
  18800.00      63.26     -54.25
  19000.00      61.32     -54.70
  19200.00      59.43     -54.70
  19400.00      57.59     -55.25
  19600.00      55.82     -54.70
  19800.00      54.10     -54.70
  20000.00      52.44     -52.55
  20200.00      50.84     -52.65
  20400.00      49.29     -52.55
  20600.00      47.78     -52.15
  20800.00      46.33     -52.15
  21000.00      44.92     -51.80
  21200.00      43.55     -51.55
  21400.00      42.23     -51.55
  21600.00      40.95     -51.10
  21800.00      39.71     -50.80
  22000.00      38.51     -50.80
  22200.00      37.34     -51.60
  22400.00      36.20     -51.60
  22600.00      35.10     -51.60
  22800.00      34.04     -51.60
  23000.00      33.00     -51.60
  23200.00      32.00     -52.95
  23400.00      31.02     -53.75
  23600.00      30.06     -53.75
  23800.00      29.14     -54.35
  24000.00      28.25     -54.00
  24200.00      27.38     -52.10
  24400.00      26.55     -52.10
  24600.00      25.74     -52.10
  24800.00      24.96     -52.10
  25000.00      24.20     -52.10
  25200.00      23.46     -52.10
  25400.00      22.74     -52.10
  25600.00      22.05     -52.10
  25800.00      21.38     -52.10
  26000.00      20.73     -50.25
  26200.00      20.11     -50.30
  26400.00      19.50     -51.05
  26600.00      18.91     -51.05
  26800.00      18.33     -51.05
  27000.00      17.78     -51.05
  27200.00      17.24     -51.05
  27400.00      16.71     -51.95
  27600.00      16.21     -51.95
  27800.00      15.71     -51.95
  28000.00      15.23     -51.95
  28200.00      14.77     -48.75
  28400.00      14.33     -48.75
  28600.00      13.90     -48.75
  28800.00      13.48     -48.75
  29000.00      13.08     -48.75
  29200.00      12.69     -48.75
  29400.00      12.31     -48.75
  29600.00      11.94     -48.75
  29800.00      11.58     -48.75
  30000.00      11.23     -45.50
  30200.00      10.90     -45.60
  30400.00      10.58     -45.60
  30600.00      10.27     -45.60
  30800.00       9.96     -45.20
  31000.00       9.67     -45.20
  31200.00       9.38     -45.20
  31400.00       9.11     -44.85
  31600.00       8.84     -45.45
  31800.00       8.57     -45.45
  32000.00       8.32     -46.20
  32200.00       8.08     -42.20
  32400.00       7.84     -42.20
  32600.00       7.61     -42.20
  32800.00       7.39     -42.20
