  -10.0250015       30.0219555    
  -10.0750008       30.0303459    
  -10.1250000       30.0393009    
  -10.1749992       30.0474739    
  -10.2250023       30.0575409    
  -10.2750015       30.0680943    
  -10.3250008       30.0780602    
  -10.3750000       30.0890617    
  -10.4249992       30.0999889    
  -10.4750023       30.1117249    
  -10.5250015       30.1240520    
  -10.5750008       30.1365585    
  -10.6250000       30.1497993    
  -10.6749992       30.1634083    
  -10.7250023       30.1781216    
  -10.7750015       30.1933556    
  -10.8250008       30.2100868    
  -10.8750000       30.2278824    
  -10.9249992       30.2458496    
  -10.9750023       30.2644672    
  -11.0250015       30.2843018    
  -11.0750008       30.3035793    
  -11.1250000       30.3243160    
  -11.1749992       30.3470459    
  -11.2250023       30.3680401    
  -11.2750015       30.3888226    
  -11.3250008       30.4119701    
  -11.3750000       30.4350433    
  -11.4249992       30.4568043    
  -11.4750023       30.4849968    
  -11.5250015       30.5118427    
  -11.5750008       30.5387058    
  -11.6250000       30.5649147    
  -11.6749992       30.5940132    
  -11.7250023       30.6214237    
  -11.7750015       30.6518059    
  -11.8250008       30.6826439    
  -11.8750000       30.7137947    
  -11.9249992       30.7440548    
  -11.9750023       30.7713757    
  -12.0250015       30.8024483    
  -12.0750008       30.8312302    
  -12.1250000       30.8579197    
  -12.1749992       30.8907547    
  -12.2250023       30.9181118    
  -12.2750015       30.9439144    
  -12.3250008       30.9674053    
  -12.3750000       30.9875031    
  -12.4249992       31.0054855    
  -12.4750023       31.0392914    
  -12.5250015       31.0619202    
  -12.5750008       31.0827141    
  -12.6250019       31.1017475    
  -12.6750011       31.1241112    
  -12.7250004       31.1473465    
  -12.7750015       31.1598206    
  -12.8250008       31.1733360    
  -12.8750019       31.1916695    
  -12.9250011       31.2098351    
  -12.9750004       31.2208672    
  -13.0250015       31.2360878    
  -13.0750008       31.2575321    
  -13.1250019       31.2837391    
  -13.1750011       31.2958107    
  -13.2250004       31.3060055    
  -13.2750015       31.3166103    
  -13.3250008       31.3326912    
  -13.3750019       31.3454685    
  -13.4250011       31.3626442    
  -13.4750004       31.3774185    
  -13.5250015       31.3970108    
  -13.5750008       31.4183426    
  -13.6250019       31.4339809    
  -13.6750011       31.4527321    
  -13.7250004       31.4681110    
  -13.7750015       31.4809322    
  -13.8250008       31.4888477    
  -13.8750019       31.5065441    
  -13.9250011       31.5204029    
  -13.9750004       31.5466328    
  -14.0250015       31.5627041    
  -14.0750008       31.5830936    
  -14.1250019       31.6013546    
  -14.1750011       31.6178970    
  -14.2250004       31.6225758    
  -14.2750015       31.6355877    
  -14.3250008       31.6494045    
  -14.3750019       31.6676483    
  -14.4250011       31.6813717    
  -14.4750004       31.7016296    
  -14.5250015       31.7152805    
  -14.5750008       31.7375031    
  -14.6250019       31.7536945    
  -14.6750011       31.7681980    
  -14.7250004       31.7846661    
  -14.7750015       31.7868671    
  -14.8250008       31.8066063    
  -14.8750019       31.8038349    
  -14.9250011       31.8035297    
  -14.9750004       31.8024139    
  -15.0250015       31.8021278    
  -15.0750008       31.7998714    
  -15.1250019       31.8091736    
  -15.1750011       31.8177223    
  -15.2250004       31.8154240    
  -15.2750015       31.8111553    
  -15.3250008       31.8169861    
  -15.3750019       31.8241615    
  -15.4250011       31.8194618    
  -15.4750004       31.8163605    
  -15.5250015       31.8179474    
  -15.5750008       31.8200531    
  -15.6250019       31.8061829    
  -15.6750011       31.7974300    
  -15.7250004       31.7792645    
  -15.7750015       31.7857285    
  -15.8250008       31.7756691    
  -15.8750019       31.7675438    
  -15.9250011       31.7620850    
  -15.9750004       31.7730846    
  -16.0250015       31.7623386    
  -16.0750008       31.7675266    
  -16.1250019       31.7517452    
  -16.1750011       31.7383823    
  -16.2250004       31.7256374    
  -16.2750015       31.7260551    
  -16.3250008       31.7318726    
  -16.3750019       31.7353821    
  -16.4250011       31.7486973    
  -16.4750004       31.7482300    
  -16.5250015       31.7481117    
  -16.5750008       31.7571564    
  -16.6250019       31.7599525    
  -16.6750011       31.7565155    
  -16.7250004       31.7699299    
  -16.7750015       31.7784996    
  -16.8250008       31.7865772    
  -16.8750019       31.7709846    
  -16.9250011       31.7591858    
  -16.9750004       31.7686920    
  -17.0250015       31.7738075    
  -17.0750008       31.7808628    
  -17.1250019       31.7604179    
  -17.1750011       31.7596664    
  -17.2250004       31.7551670    
  -17.2750015       31.7306690    
  -17.3250008       31.7232170    
  -17.3750019       31.7143803    
  -17.4250011       31.7131081    
  -17.4750004       31.7219601    
  -17.5250015       31.7114201    
  -17.5750008       31.7150707    
  -17.6250019       31.7149811    
  -17.6750011       31.7218513    
  -17.7250004       31.7299843    
  -17.7750015       31.7470188    
  -17.8250008       31.7560844    
  -17.8750019       31.7627068    
  -17.9250011       31.7711449    
  -17.9750004       31.7775955    
  -18.0250015       31.7702999    
  -18.0750008       31.7613029    
  -18.1250019       31.7505722    
  -18.1750011       31.7324734    
  -18.2250004       31.7346001    
  -18.2750015       31.7472401    
  -18.3250008       31.7256813    
  -18.3750019       31.7250023    
  -18.4250011       31.7238998    
  -18.4750004       31.7238731    
  -18.5250015       31.7196026    
  -18.5750008       31.7176552    
  -18.6250019       31.7102032    
  -18.6750011       31.7005291    
  -18.7250004       31.7058525    
  -18.7750015       31.7040138    
  -18.8250008       31.6977348    
  -18.8750019       31.6796970    
  -18.9250011       31.6559143    
  -18.9750004       31.6455746    
  -19.0250015       31.6354256    
  -19.0750008       31.6277561    
  -19.1250019       31.6229038    
  -19.1750011       31.6123524    
  -19.2250004       31.6121826    
  -19.2750015       31.6106014    
  -19.3250008       31.6123276    
  -19.3750019       31.6140537    
  -19.4250011       31.6067581    
  -19.4750004       31.6058941    
  -19.5250015       31.6046371    
  -19.5750008       31.6000309    
  -19.6250019       31.5973492    
  -19.6750011       31.6045208    
  -19.7250004       31.6162701    
  -19.7750015       31.6126595    
  -19.8250008       31.6029320    
  -19.8750019       31.6025257    
  -19.9250011       31.5902233    
  -19.9750004       31.5784912    
  -20.0250015       31.5692310    
  -20.0750008       31.5630474    
  -20.1250019       31.5417194    
  -20.1750011       31.5401688    
  -20.2250004       31.5253086    
  -20.2750015       31.5026093    
  -20.3250008       31.4977055    
  -20.3750019       31.5066700    
  -20.4250011       31.5201397    
  -20.4750004       31.5112476    
  -20.5250015       31.5029316    
  -20.5750008       31.5118618    
  -20.6250019       31.5113831    
  -20.6750011       31.5118828    
  -20.7250004       31.5000591    
  -20.7750015       31.5052452    
  -20.8250008       31.4808464    
  -20.8750019       31.4660511    
  -20.9250011       31.4514408    
  -20.9750004       31.4266682    
  -21.0250015       31.4196701    
  -21.0750008       31.4073696    
  -21.1250019       31.3895912    
  -21.1750011       31.3784428    
  -21.2250004       31.3542614    
  -21.2750015       31.3275814    
  -21.3250008       31.3030720    
  -21.3750019       31.2785587    
  -21.4250011       31.2542229    
  -21.4750004       31.2291565    
  -21.5250015       31.2104282    
  -21.5750008       31.1814556    
  -21.6250019       31.1569805    
  -21.6750011       31.1320572    
  -21.7250004       31.0982628    
  -21.7750015       31.0701370    
  -21.8250008       31.0349522    
  -21.8750019       31.0126076    
  -21.9250011       30.9701099    
  -21.9750004       30.9212151    
  -22.0250015       30.8892975    
  -22.0750008       30.8637466    
  -22.1250019       30.8150368    
  -22.1750011       30.7796116    
  -22.2250004       30.7360992    
  -22.2750015       30.6926136    
  -22.3250008       30.6672726    
  -22.3750019       30.6311188    
  -22.4250011       30.6059017    
  -22.4750004       30.5578518    
  -22.5250015       30.5216846    
  -22.5750008       30.4790668    
  -22.6250019       30.4500713    
  -22.6750011       30.4107246    
  -22.7250004       30.3734989    
  -22.7750015       30.3399048    
  -22.8250008       30.3171005    
  -22.8750019       30.2791462    
  -22.9250011       30.2485542    
  -22.9750004       30.2179413    
  -23.0250015       30.1683331    
  -23.0750008       30.1369152    
  -23.1250019       30.0895367    
  -23.1750011       30.0459633    
  -23.2250004       29.9920235    
  -23.2750015       29.9474525    
  -23.3250008       29.9173870    
  -23.3750019       29.8741760    
  -23.4250011       29.8204498    
  -23.4750004       29.8050652    
  -23.5250015       29.7761288    
  -23.5750008       29.7393589    
  -23.6250019       29.6734409    
  -23.6750011       29.6367855    
  -23.7250004       29.6104031    
  -23.7750015       29.5780678    
  -23.8250008       29.5378132    
  -23.8750019       29.5017319    
  -23.9250011       29.4604816    
  -23.9750004       29.4316654    
  -24.0250015       29.3961678    
  -24.0750008       29.3869228    
  -24.1250019       29.3522472    
  -24.1750011       29.3247585    
  -24.2250004       29.2832146    
  -24.2750015       29.2597675    
  -24.3250008       29.2451077    
  -24.3750019       29.2229080    
  -24.4250011       29.2082615    
  -24.4750004       29.1694126    
  -24.5250015       29.1291580    
  -24.5750008       29.0918636    
  -24.6250019       29.0497227    
  -24.6750011       28.9849358    
  -24.7250004       28.9444122    
  -24.7750015       28.8994236    
  -24.8250008       28.8683720    
  -24.8750019       28.8233242    
  -24.9250011       28.7812386    
  -24.9750004       28.7527027    
  -25.0250015       28.7109261    
  -25.0750008       28.6813183    
  -25.1250019       28.6452503    
  -25.1750011       28.6164494    
  -25.2250004       28.5857849    
  -25.2750015       28.5606689    
  -25.3250008       28.5289402    
  -25.3750019       28.5101147    
  -25.4250011       28.4875259    
  -25.4750004       28.4573975    
  -25.5250015       28.4200058    
  -25.5750008       28.3882504    
  -25.6250019       28.3618279    
  -25.6750011       28.3311920    
  -25.7250004       28.3054657    
  -25.7750015       28.2668285    
  -25.8250008       28.2264061    
  -25.8750019       28.1817265    
  -25.9250011       28.1361217    
  -25.9750004       28.0962696    
  -26.0250015       28.0436001    
  -26.0750008       28.0022926    
  -26.1250019       27.9758701    
  -26.1750011       27.9497566    
  -26.2250004       27.9164734    
  -26.2750015       27.8908405    
  -26.3250008       27.8578873    
  -26.3750019       27.8522377    
  -26.4250011       27.8390331    
  -26.4750004       27.8267975    
  -26.5250015       27.8111420    
  -26.5750008       27.7861519    
  -26.6250019       27.7664185    
  -26.6750011       27.7566605    
  -26.7250004       27.7315540    
  -26.7750015       27.7141418    
  -26.8250008       27.6966877    
  -26.8750019       27.6817055    
  -26.9250011       27.6748180    
  -26.9750004       27.6781616    
  -27.0250015       27.6590862    
  -27.0750008       27.6477547    
  -27.1250019       27.6311054    
  -27.1750011       27.6311855    
  -27.2250004       27.6279202    
  -27.2750015       27.6254539    
  -27.3250008       27.6073666    
  -27.3750019       27.6032772    
  -27.4250011       27.6075802    
  -27.4750004       27.5998344    
  -27.5250015       27.6026573    
  -27.5750008       27.6028843    
  -27.6250019       27.6048470    
  -27.6750011       27.6052265    
  -27.7250004       27.5865097    
  -27.7750015       27.5647526    
  -27.8250008       27.5535717    
  -27.8750019       27.5417233    
  -27.9250011       27.5111485    
  -27.9750004       27.4993629    
  -28.0250015       27.4779587    
  -28.0750008       27.4616508    
  -28.1250019       27.4501476    
  -28.1750011       27.4259987    
  -28.2250004       27.4068909    
  -28.2750015       27.3697720    
  -28.3250008       27.3585148    
  -28.3750019       27.3357811    
  -28.4250011       27.3010807    
  -28.4750004       27.2863274    
  -28.5250015       27.2496719    
  -28.5750008       27.2393723    
  -28.6250000       27.2363529    
  -28.6750011       27.2242260    
  -28.7250023       27.2056313    
  -28.7750015       27.1852264    
  -28.8250008       27.1592655    
  -28.8750000       27.1412468    
  -28.9250011       27.0979595    
  -28.9750023       27.0730839    
  -29.0250015       27.0488968    
  -29.0750008       27.0177155    
  -29.1250000       26.9834518    
  -29.1750011       26.9471226    
  -29.2250023       26.9143200    
  -29.2750015       26.8418446    
  -29.3250008       26.8021202    
  -29.3750000       26.7674217    
  -29.4250011       26.7174053    
  -29.4750023       26.6586456    
  -29.5250015       26.6039600    
  -29.5750008       26.5594978    
  -29.6250000       26.5193157    
  -29.6750011       26.4600086    
  -29.7250023       26.4226227    
  -29.7750015       26.3723698    
  -29.8250008       26.3117104    
  -29.8750000       26.2543983    
  -29.9250011       26.1652851    
  -29.9750023       26.1077652    
  -30.0250015       26.0243549    
  -30.0750008       25.9601250    
  -30.1250000       25.8917446    
  -30.1750011       25.8412476    
  -30.2250023       25.7669373    
  -30.2750015       25.7039585    
  -30.3250008       25.6234303    
  -30.3750000       25.5680046    
  -30.4250011       25.5544224    
  -30.4750023       25.5456963    
  -30.5250015       25.5007954    
  -30.5750008       25.4796467    
  -30.6250000       25.4411240    
  -30.6750011       25.4075832    
  -30.7250023       25.3652458    
  -30.7750015       25.3115692    
  -30.8250008       25.2486725    
  -30.8750000       25.1557941    
  -30.9250011       25.0729256    
  -30.9750023       25.0234890    
  -31.0250015       24.9568062    
  -31.0750008       24.8820801    
  -31.1250000       24.8177166    
  -31.1750011       24.7093887    
  -31.2250023       24.6145153    
  -31.2750015       24.5479393    
  -31.3250008       24.4669094    
  -31.3750000       24.3926830    
  -31.4250011       24.3292561    
  -31.4750023       24.2467766    
  -31.5250015       24.1773090    
  -31.5750008       24.1306133    
  -31.6250000       24.0475483    
  -31.6750011       24.0042477    
  -31.7250023       23.9253025    
  -31.7750015       23.8648796    
  -31.8250008       23.7824516    
  -31.8750000       23.6681557    
  -31.9250011       23.6580372    
  -31.9750023       23.6153812    
  -32.0250015       23.5604610    
  -32.0750008       23.4905834    
  -32.1250000       23.4603519    
  -32.1750031       23.4066372    
  -32.2250023       23.3527241    
  -32.2750015       23.2911739    
  -32.3250008       23.2515545    
  -32.3750000       23.1902428    
  -32.4250031       23.1165352    
  -32.4750023       23.0521164    
  -32.5250015       22.9574051    
  -32.5750008       22.8809719    
  -32.6250000       22.8197021    
  -32.6750031       22.7471008    
  -32.7250023       22.6532402    
  -32.7750015       22.5746059    
  -32.8250008       22.4869461    
  -32.8750000       22.4134579    
  -32.9250031       22.3442497    
  -32.9750023       22.2954330    
  -33.0250015       22.2261276    
  -33.0750008       22.1684933    
  -33.1250000       22.1078758    
  -33.1750031       22.0486641    
  -33.2250023       21.9648323    
  -33.2750015       21.8722420    
  -33.3250008       21.7866516    
  -33.3750000       21.7074757    
  -33.4250031       21.6326122    
  -33.4750023       21.5628662    
  -33.5250015       21.5247135    
  -33.5750008       21.4701481    
  -33.6250000       21.3895454    
  -33.6750031       21.3053226    
  -33.7250023       21.2232780    
  -33.7750015       21.1618938    
  -33.8250008       21.0995369    
  -33.8750000       21.0119133    
  -33.9250031       20.9612446    
  -33.9750023       20.9127922    
  -34.0250015       20.8594551    
  -34.0750008       20.7959862    
  -34.1250000       20.7123585    
  -34.1750031       20.6365089    
  -34.2250023       20.5632591    
  -34.2750015       20.4805355    
  -34.3250008       20.4030476    
  -34.3750000       20.3090553    
  -34.4250031       20.2194843    
  -34.4750023       20.1479092    
  -34.5250015       20.0739098    
  -34.5750008       20.0038967    
  -34.6250000       19.9230385    
  -34.6750031       19.8535728    
  -34.7250023       19.8062325    
  -34.7750015       19.7498837    
  -34.8250008       19.6840916    
  -34.8750000       19.6016216    
  -34.9250031       19.5221386    
  -34.9750023       19.4299793    
  -35.0250015       19.3501053    
  -35.0750008       19.2745380    
  -35.1250000       19.1936340    
  -35.1750031       19.1056767    
  -35.2250023       19.0220375    
  -35.2750015       18.9484119    
  -35.3250008       18.8703175    
  -35.3750000       18.7838154    
  -35.4250031       18.6837234    
  -35.4750023       18.5914841    
  -35.5250015       18.4835663    
  -35.5750008       18.3799858    
  -35.6250000       18.3106327    
  -35.6750031       18.2256489    
  -35.7250023       18.1466827    
  -35.7750015       18.0416603    
  -35.8250008       17.9657040    
  -35.8750000       17.8737602    
  -35.9250031       17.8138695    
  -35.9750023       17.7819958    
  -36.0250015       17.7108212    
  -36.0750008       17.6434078    
  -36.1250000       17.5491734    
  -36.1750031       17.4885406    
  -36.2250023       17.4158974    
  -36.2750015       17.3121262    
  -36.3250008       17.2525120    
  -36.3750000       17.1602936    
  -36.4250031       17.0567665    
  -36.4750023       17.0100498    
  -36.5250015       16.9234638    
  -36.5750008       16.8599987    
  -36.6250000       16.7830639    
  -36.6750031       16.7093582    
  -36.7250023       16.6444016    
  -36.7750015       16.5134602    
  -36.8250008       16.4245110    
  -36.8750000       16.2911205    
  -36.9250031       16.1985817    
  -36.9750023       16.1131668    
  -37.0250015       16.0381546    
  -37.0750008       15.9584436    
  -37.1250000       15.8640356    
  -37.1750031       15.7950287    
  -37.2250023       15.7391853    
  -37.2750015       15.6799364    
  -37.3250008       15.5615292    
  -37.3750000       15.5127811    
  -37.4250031       15.4385633    
  -37.4750023       15.3995361    
  -37.5250015       15.3639040    
  -37.5750008       15.3546171    
  -37.6250000       15.3232822    
  -37.6750031       15.3225126    
  -37.7250023       15.3081713    
  -37.7750015       15.2785101    
  -37.8250008       15.2235270    
  -37.8750000       15.1903219    
  -37.9250031       15.1676645    
  -37.9750023       15.1478148    
  -38.0250015       15.1048012    
  -38.0750008       15.0671587    
  -38.1250000       15.0209723    
  -38.1750031       14.9655704    
  -38.2250023       14.8907547    
  -38.2750015       14.8139887    
  -38.3250008       14.7443314    
  -38.3750000       14.6736698    
  -38.4250031       14.6032190    
  -38.4750023       14.5519400    
  -38.5250015       14.5078878    
  -38.5750008       14.4535294    
  -38.6250000       14.3920183    
  -38.6750031       14.3399143    
  -38.7250023       14.3044806    
  -38.7750015       14.2570429    
  -38.8250008       14.2039165    
  -38.8750000       14.1468887    
  -38.9250031       14.0888157    
  -38.9750023       14.0289650    
  -39.0250015       13.9698801    
  -39.0750008       13.9144497    
  -39.1250000       13.8611259    
  -39.1750031       13.8099747    
  -39.2250023       13.7554760    
  -39.2750015       13.7018871    
  -39.3250008       13.6488609    
  -39.3750000       13.5964584    
  -39.4250031       13.5445385    
  -39.4750023       13.4932365    
  -39.5250015       13.4427509    
  -39.5750008       13.3931160    
  -39.6250000       13.3440943    
  -39.6750031       13.2943621    
  -39.7250023       13.2479620    
  -39.7750015       13.2012339    
  -39.8250008       13.1545658    
  -39.8750000       13.1083488    
  -39.9250031       13.0635242    
  -39.9750023       13.0179644    
  -40.0250015       12.9732323    
  -40.0750008       12.9301491    
  -40.1250000       12.8885288    
  -40.1750031       12.8475695    
  -40.2250023       12.8007669    
  -40.2750015       12.7608929    
  -40.3250008       12.7189169    
  -40.3750000       12.6741400    
  -40.4250031       12.6262722    
  -40.4750023       12.5875425    
  -40.5250015       12.5466890    
  -40.5750008       12.5027323    
  -40.6250000       12.4614162    
  -40.6750031       12.4192524    
  -40.7250023       12.3760757    
  -40.7750015       12.3355646    
  -40.8250008       12.2925177    
  -40.8750000       12.2485924    
  -40.9250031       12.2023544    
  -40.9750023       12.1502180    
  -41.0250015       12.1022415    
  -41.0750008       12.0455933    
  -41.1250000       11.9922152    
  -41.1750031       11.9262085    
  -41.2250023       11.8576441    
  -41.2750015       11.7966509    
  -41.3250008       11.7290716    
  -41.3750000       11.6648951    
  -41.4250031       11.6379499    
  -41.4750023       11.6001759    
  -41.5250015       11.5623112    
  -41.5750008       11.4986296    
  -41.6250000       11.4739141    
  -41.6750031       11.4088144    
  -41.7250023       11.3771992    
  -41.7750015       11.3035526    
  -41.8250008       11.2806368    
  -41.8750000       11.2104635    
  -41.9250031       11.1400967    
  -41.9750023       11.1132545    
  -42.0250015       11.0747766    
  -42.0750008       11.0540237    
  -42.1250000       11.0285673    
  -42.1750031       11.0074024    
  -42.2250023       10.9733477    
  -42.2750015       10.9327726    
  -42.3250008       10.9178543    
  -42.3750000       10.9212360    
  -42.4250031       10.8923826    
  -42.4750023       10.8568220    
  -42.5250015       10.8148899    
  -42.5750008       10.7791357    
  -42.6250000       10.7423010    
  -42.6750031       10.6905775    
  -42.7250023       10.6480350    
  -42.7750015       10.6577158    
  -42.8250008       10.6027441    
  -42.8750000       10.5314369    
  -42.9250031       10.4856691    
  -42.9750023       10.4825230    
  -43.0250015       10.4725008    
  -43.0750008       10.4214153    
  -43.1250000       10.3984098    
  -43.1750031       10.3492174    
  -43.2250023       10.3079596    
  -43.2750015       10.2686186    
  -43.3250008       10.2329311    
  -43.3750000       10.2061205    
  -43.4250031       10.1703634    
  -43.4750023       10.1171160    
  -43.5250015       10.0869818    
  -43.5750008       10.0781507    
  -43.6250000       10.0414000    
  -43.6750031       10.0074282    
  -43.7250023       9.96591663    
  -43.7750015       9.92543030    
  -43.8250008       9.88491344    
  -43.8750000       9.84438896    
  -43.9250031       9.80377865    
  -43.9750023       9.76313591    
  -44.0250015       9.72293949    
  -44.0750008       9.68303490    
  -44.1250000       9.64295578    
  -44.1750031       9.60323238    
  -44.2250023       9.56338882    
  -44.2750015       9.52358627    
  -44.3250008       9.48375893    
  -44.3750000       9.44402695    
  -44.4250031       9.40456390    
  -44.4750023       9.36515903    
  -44.5250015       9.32588863    
