      -10.025   30.022
      -10.075   30.030
      -10.125   30.039
      -10.175   30.047
      -10.225   30.058
      -10.275   30.068
      -10.325   30.078
      -10.375   30.089
      -10.425   30.100
      -10.475   30.112
      -10.525   30.124
      -10.575   30.137
      -10.625   30.150
      -10.675   30.163
      -10.725   30.178
      -10.775   30.193
      -10.825   30.210
      -10.875   30.228
      -10.925   30.246
      -10.975   30.264
      -11.025   30.284
      -11.075   30.304
      -11.125   30.324
      -11.175   30.347
      -11.225   30.368
      -11.275   30.389
      -11.325   30.412
      -11.375   30.435
      -11.425   30.457
      -11.475   30.485
      -11.525   30.512
      -11.575   30.539
      -11.625   30.565
      -11.675   30.594
      -11.725   30.621
      -11.775   30.652
      -11.825   30.683
      -11.875   30.714
      -11.925   30.744
      -11.975   30.771
      -12.025   30.802
      -12.075   30.831
      -12.125   30.858
      -12.175   30.891
      -12.225   30.918
      -12.275   30.944
      -12.325   30.967
      -12.375   30.988
      -12.425   31.005
      -12.475   31.039
      -12.525   31.062
      -12.575   31.083
      -12.625   31.102
      -12.675   31.124
      -12.725   31.147
      -12.775   31.160
      -12.825   31.173
      -12.875   31.192
      -12.925   31.210
      -12.975   31.221
      -13.025   31.236
      -13.075   31.258
      -13.125   31.284
      -13.175   31.296
      -13.225   31.306
      -13.275   31.317
      -13.325   31.333
      -13.375   31.345
      -13.425   31.363
      -13.475   31.377
      -13.525   31.397
      -13.575   31.418
      -13.625   31.434
      -13.675   31.453
      -13.725   31.468
      -13.775   31.481
      -13.825   31.489
      -13.875   31.507
      -13.925   31.520
      -13.975   31.547
      -14.025   31.563
      -14.075   31.583
      -14.125   31.601
      -14.175   31.618
      -14.225   31.623
      -14.275   31.636
      -14.325   31.649
      -14.375   31.668
      -14.425   31.681
      -14.475   31.702
      -14.525   31.715
      -14.575   31.738
      -14.625   31.754
      -14.675   31.768
      -14.725   31.785
      -14.775   31.787
      -14.825   31.807
      -14.875   31.804
      -14.925   31.804
      -14.975   31.802
      -15.025   31.802
      -15.075   31.800
      -15.125   31.809
      -15.175   31.818
      -15.225   31.815
      -15.275   31.811
      -15.325   31.817
      -15.375   31.824
      -15.425   31.819
      -15.475   31.816
      -15.525   31.818
      -15.575   31.820
      -15.625   31.806
      -15.675   31.797
      -15.725   31.779
      -15.775   31.786
      -15.825   31.776
      -15.875   31.768
      -15.925   31.762
      -15.975   31.773
      -16.025   31.762
      -16.075   31.768
      -16.125   31.752
      -16.175   31.738
      -16.225   31.726
      -16.275   31.726
      -16.325   31.732
      -16.375   31.735
      -16.425   31.749
      -16.475   31.748
      -16.525   31.748
      -16.575   31.757
      -16.625   31.760
      -16.675   31.757
      -16.725   31.770
      -16.775   31.778
      -16.825   31.787
      -16.875   31.771
      -16.925   31.759
      -16.975   31.769
      -17.025   31.774
      -17.075   31.781
      -17.125   31.760
      -17.175   31.760
      -17.225   31.755
      -17.275   31.731
      -17.325   31.723
      -17.375   31.714
      -17.425   31.713
      -17.475   31.722
      -17.525   31.711
      -17.575   31.715
      -17.625   31.715
      -17.675   31.722
      -17.725   31.730
      -17.775   31.747
      -17.825   31.756
      -17.875   31.763
      -17.925   31.771
      -17.975   31.778
      -18.025   31.770
      -18.075   31.761
      -18.125   31.751
      -18.175   31.732
      -18.225   31.735
      -18.275   31.747
      -18.325   31.726
      -18.375   31.725
      -18.425   31.724
      -18.475   31.724
      -18.525   31.720
      -18.575   31.718
      -18.625   31.710
      -18.675   31.701
      -18.725   31.706
      -18.775   31.704
      -18.825   31.698
      -18.875   31.680
      -18.925   31.656
      -18.975   31.646
      -19.025   31.635
      -19.075   31.628
      -19.125   31.623
      -19.175   31.612
      -19.225   31.612
      -19.275   31.611
      -19.325   31.612
      -19.375   31.614
      -19.425   31.607
      -19.475   31.606
      -19.525   31.605
      -19.575   31.600
      -19.625   31.597
      -19.675   31.605
      -19.725   31.616
      -19.775   31.613
      -19.825   31.603
      -19.875   31.603
      -19.925   31.590
      -19.975   31.578
      -20.025   31.569
      -20.075   31.563
      -20.125   31.542
      -20.175   31.540
      -20.225   31.525
      -20.275   31.503
      -20.325   31.498
      -20.375   31.507
      -20.425   31.520
      -20.475   31.511
      -20.525   31.503
      -20.575   31.512
      -20.625   31.511
      -20.675   31.512
      -20.725   31.500
      -20.775   31.505
      -20.825   31.481
      -20.875   31.466
      -20.925   31.451
      -20.975   31.427
      -21.025   31.420
      -21.075   31.407
      -21.125   31.390
      -21.175   31.378
      -21.225   31.354
      -21.275   31.328
      -21.325   31.303
      -21.375   31.279
      -21.425   31.254
      -21.475   31.229
      -21.525   31.210
      -21.575   31.181
      -21.625   31.157
      -21.675   31.132
      -21.725   31.098
      -21.775   31.070
      -21.825   31.035
      -21.875   31.013
      -21.925   30.970
      -21.975   30.921
      -22.025   30.889
      -22.075   30.864
      -22.125   30.815
      -22.175   30.780
      -22.225   30.736
      -22.275   30.693
      -22.325   30.667
      -22.375   30.631
      -22.425   30.606
      -22.475   30.558
      -22.525   30.522
      -22.575   30.479
      -22.625   30.450
      -22.675   30.411
      -22.725   30.373
      -22.775   30.340
      -22.825   30.317
      -22.875   30.279
      -22.925   30.249
      -22.975   30.218
      -23.025   30.168
      -23.075   30.137
      -23.125   30.090
      -23.175   30.046
      -23.225   29.992
      -23.275   29.947
      -23.325   29.917
      -23.375   29.874
      -23.425   29.820
      -23.475   29.805
      -23.525   29.776
      -23.575   29.739
      -23.625   29.673
      -23.675   29.637
      -23.725   29.610
      -23.775   29.578
      -23.825   29.538
      -23.875   29.502
      -23.925   29.460
      -23.975   29.432
      -24.025   29.396
      -24.075   29.387
      -24.125   29.352
      -24.175   29.325
      -24.225   29.283
      -24.275   29.260
      -24.325   29.245
      -24.375   29.223
      -24.425   29.208
      -24.475   29.169
      -24.525   29.129
      -24.575   29.092
      -24.625   29.050
      -24.675   28.985
      -24.725   28.944
      -24.775   28.899
      -24.825   28.868
      -24.875   28.823
      -24.925   28.781
      -24.975   28.753
      -25.025   28.711
      -25.075   28.681
      -25.125   28.645
      -25.175   28.616
      -25.225   28.586
      -25.275   28.561
      -25.325   28.529
      -25.375   28.510
      -25.425   28.488
      -25.475   28.457
      -25.525   28.420
      -25.575   28.388
      -25.625   28.362
      -25.675   28.331
      -25.725   28.305
      -25.775   28.267
      -25.825   28.226
      -25.875   28.182
      -25.925   28.136
      -25.975   28.096
      -26.025   28.044
      -26.075   28.002
      -26.125   27.976
      -26.175   27.950
      -26.225   27.916
      -26.275   27.891
      -26.325   27.858
      -26.375   27.852
      -26.425   27.839
      -26.475   27.827
      -26.525   27.811
      -26.575   27.786
      -26.625   27.766
      -26.675   27.757
      -26.725   27.732
      -26.775   27.714
      -26.825   27.697
      -26.875   27.682
      -26.925   27.675
      -26.975   27.678
      -27.025   27.659
      -27.075   27.648
      -27.125   27.631
      -27.175   27.631
      -27.225   27.628
      -27.275   27.625
      -27.325   27.607
      -27.375   27.603
      -27.425   27.608
      -27.475   27.600
      -27.525   27.603
      -27.575   27.603
      -27.625   27.605
      -27.675   27.605
      -27.725   27.587
      -27.775   27.565
      -27.825   27.554
      -27.875   27.542
      -27.925   27.511
      -27.975   27.499
      -28.025   27.478
      -28.075   27.462
      -28.125   27.450
      -28.175   27.426
      -28.225   27.407
      -28.275   27.370
      -28.325   27.359
      -28.375   27.336
      -28.425   27.301
      -28.475   27.286
      -28.525   27.250
      -28.575   27.239
      -28.625   27.236
      -28.675   27.224
      -28.725   27.206
      -28.775   27.185
      -28.825   27.159
      -28.875   27.141
      -28.925   27.098
      -28.975   27.073
      -29.025   27.049
      -29.075   27.018
      -29.125   26.983
      -29.175   26.947
      -29.225   26.914
      -29.275   26.842
      -29.325   26.802
      -29.375   26.767
      -29.425   26.717
      -29.475   26.659
      -29.525   26.604
      -29.575   26.559
      -29.625   26.519
      -29.675   26.460
      -29.725   26.423
      -29.775   26.372
      -29.825   26.312
      -29.875   26.254
      -29.925   26.165
      -29.975   26.108
      -30.025   26.024
      -30.075   25.960
      -30.125   25.892
      -30.175   25.841
      -30.225   25.767
      -30.275   25.704
      -30.325   25.623
      -30.375   25.568
      -30.425   25.554
      -30.475   25.546
      -30.525   25.501
      -30.575   25.480
      -30.625   25.441
      -30.675   25.408
      -30.725   25.365
      -30.775   25.312
      -30.825   25.249
      -30.875   25.156
      -30.925   25.073
      -30.975   25.023
      -31.025   24.957
      -31.075   24.882
      -31.125   24.818
      -31.175   24.709
      -31.225   24.615
      -31.275   24.548
      -31.325   24.467
      -31.375   24.393
      -31.425   24.329
      -31.475   24.247
      -31.525   24.177
      -31.575   24.131
      -31.625   24.048
      -31.675   24.004
      -31.725   23.925
      -31.775   23.865
      -31.825   23.782
      -31.875   23.668
      -31.925   23.658
      -31.975   23.615
      -32.025   23.560
      -32.075   23.491
      -32.125   23.460
      -32.175   23.407
      -32.225   23.353
      -32.275   23.291
      -32.325   23.252
      -32.375   23.190
      -32.425   23.117
      -32.475   23.052
      -32.525   22.957
      -32.575   22.881
      -32.625   22.820
      -32.675   22.747
      -32.725   22.653
      -32.775   22.575
      -32.825   22.487
      -32.875   22.413
      -32.925   22.344
      -32.975   22.295
      -33.025   22.226
      -33.075   22.168
      -33.125   22.108
      -33.175   22.049
      -33.225   21.965
      -33.275   21.872
      -33.325   21.787
      -33.375   21.707
      -33.425   21.633
      -33.475   21.563
      -33.525   21.525
      -33.575   21.470
      -33.625   21.390
      -33.675   21.305
      -33.725   21.223
      -33.775   21.162
      -33.825   21.100
      -33.875   21.012
      -33.925   20.961
      -33.975   20.913
      -34.025   20.859
      -34.075   20.796
      -34.125   20.712
      -34.175   20.637
      -34.225   20.563
      -34.275   20.481
      -34.325   20.403
      -34.375   20.309
      -34.425   20.219
      -34.475   20.148
      -34.525   20.074
      -34.575   20.004
      -34.625   19.923
      -34.675   19.854
      -34.725   19.806
      -34.775   19.750
      -34.825   19.684
      -34.875   19.602
      -34.925   19.522
      -34.975   19.430
      -35.025   19.350
      -35.075   19.275
      -35.125   19.194
      -35.175   19.106
      -35.225   19.022
      -35.275   18.948
      -35.325   18.870
      -35.375   18.784
      -35.425   18.684
      -35.475   18.591
      -35.525   18.484
      -35.575   18.380
      -35.625   18.311
      -35.675   18.226
      -35.725   18.147
      -35.775   18.042
      -35.825   17.966
      -35.875   17.874
      -35.925   17.814
      -35.975   17.782
      -36.025   17.711
      -36.075   17.643
      -36.125   17.549
      -36.175   17.489
      -36.225   17.416
      -36.275   17.312
      -36.325   17.253
      -36.375   17.160
      -36.425   17.057
      -36.475   17.010
      -36.525   16.923
      -36.575   16.860
      -36.625   16.783
      -36.675   16.709
      -36.725   16.644
      -36.775   16.513
      -36.825   16.425
      -36.875   16.291
      -36.925   16.199
      -36.975   16.113
      -37.025   16.038
      -37.075   15.958
      -37.125   15.864
      -37.175   15.795
      -37.225   15.739
      -37.275   15.680
      -37.325   15.562
      -37.375   15.513
      -37.425   15.439
      -37.475   15.400
      -37.525   15.364
      -37.575   15.355
      -37.625   15.323
      -37.675   15.323
      -37.725   15.308
      -37.775   15.279
      -37.825   15.224
      -37.875   15.190
      -37.925   15.168
      -37.975   15.148
      -38.025   15.105
      -38.075   15.067
      -38.125   15.021
      -38.175   14.966
      -38.225   14.891
      -38.275   14.814
      -38.325   14.744
      -38.375   14.674
      -38.425   14.603
      -38.475   14.552
      -38.525   14.508
      -38.575   14.454
      -38.625   14.392
      -38.675   14.340
      -38.725   14.304
      -38.775   14.257
      -38.825   14.204
      -38.875   14.147
      -38.925   14.089
      -38.975   14.029
      -39.025   13.970
      -39.075   13.914
      -39.125   13.861
      -39.175   13.810
      -39.225   13.755
      -39.275   13.702
      -39.325   13.649
      -39.375   13.596
      -39.425   13.545
      -39.475   13.493
      -39.525   13.443
      -39.575   13.393
      -39.625   13.344
      -39.675   13.294
      -39.725   13.248
      -39.775   13.201
      -39.825   13.155
      -39.875   13.108
      -39.925   13.064
      -39.975   13.018
      -40.025   12.973
      -40.075   12.930
      -40.125   12.889
      -40.175   12.848
      -40.225   12.801
      -40.275   12.761
      -40.325   12.719
      -40.375   12.674
      -40.425   12.626
      -40.475   12.588
      -40.525   12.547
      -40.575   12.503
      -40.625   12.461
      -40.675   12.419
      -40.725   12.376
      -40.775   12.336
      -40.825   12.293
      -40.875   12.249
      -40.925   12.202
      -40.975   12.150
      -41.025   12.102
      -41.075   12.046
      -41.125   11.992
      -41.175   11.926
      -41.225   11.858
      -41.275   11.797
      -41.325   11.729
      -41.375   11.665
      -41.425   11.638
      -41.475   11.600
      -41.525   11.562
      -41.575   11.499
      -41.625   11.474
      -41.675   11.409
      -41.725   11.377
      -41.775   11.304
      -41.825   11.281
      -41.875   11.210
      -41.925   11.140
      -41.975   11.113
      -42.025   11.075
      -42.075   11.054
      -42.125   11.029
      -42.175   11.007
      -42.225   10.973
      -42.275   10.933
      -42.325   10.918
      -42.375   10.921
      -42.425   10.892
      -42.475   10.857
      -42.525   10.815
      -42.575   10.779
      -42.625   10.742
      -42.675   10.691
      -42.725   10.648
      -42.775   10.658
      -42.825   10.603
      -42.875   10.531
      -42.925   10.486
      -42.975   10.483
      -43.025   10.473
      -43.075   10.421
      -43.125   10.398
      -43.175   10.349
      -43.225   10.308
      -43.275   10.269
      -43.325   10.233
      -43.375   10.206
      -43.425   10.170
      -43.475   10.117
      -43.525   10.087
      -43.575   10.078
      -43.625   10.041
      -43.675   10.007
      -43.725    9.966
      -43.775    9.925
      -43.825    9.885
      -43.875    9.844
      -43.925    9.804
      -43.975    9.763
      -44.025    9.723
      -44.075    9.683
      -44.125    9.643
      -44.175    9.603
      -44.225    9.563
      -44.275    9.524
      -44.325    9.484
      -44.375    9.444
      -44.425    9.405
      -44.475    9.365
      -44.525    9.326
