23 03 2017 00  10.79984 89.70011
23 03 2017 01  10.52704 90.78505
23 03 2017 02  10.10933 91.0194
23 03 2017 03  9.664474 90.66865
23 03 2017 04  9.664776 89.70932
23 03 2017 05  9.521167 90.00638
23 03 2017 06  9.387657 91.32142
23 03 2017 07  9.215214 91.97943
23 03 2017 08  9.775587 89.77655
23 03 2017 09  10.3511 88.48388
23 03 2017 10  11.41154 82.69606
23 03 2017 11  11.72303 83.36258
23 03 2017 12  12.84827 75.41487
23 03 2017 13  12.40822 85.27765
23 03 2017 14  11.30185 90.63504
23 03 2017 15  11.2682 91.24608
23 03 2017 16  11.43084 87.78456
23 03 2017 17  11.22729 85.84568
23 03 2017 18  11.18243 83.67465
23 03 2017 19  10.89799 82.57964
23 03 2017 20  10.68445 84.12719
23 03 2017 21  10.63432 87.12842
23 03 2017 22  10.53311 89.08418
23 03 2017 23  10.48992 92.63032
24 03 2017 00  10.89843 92.44852
24 03 2017 01  11.06377 89.63755
24 03 2017 02  10.60821 92.00071
24 03 2017 03  10.16185 93.14246
24 03 2017 04  9.635489 91.66933
24 03 2017 05  9.430117 93.67782
24 03 2017 06  9.286303 93.74887
24 03 2017 07  9.269776 93.30571
24 03 2017 08  9.285279 93.27363
24 03 2017 09  9.44472 92.78359
24 03 2017 10  9.39508 92.95597
24 03 2017 11  9.59199 92.42781
24 03 2017 12  9.900167 93.07557
24 03 2017 13  10.29837 92.48604
24 03 2017 14  10.55885 93.92934
24 03 2017 15  10.81658 93.47326
24 03 2017 16  11.04115 94.76593
24 03 2017 17  11.39119 90.98422
24 03 2017 18  11.43446 91.62401
24 03 2017 19  11.67626 91.36381
24 03 2017 20  11.57995 90.20177
24 03 2017 21  11.35773 87.59863
24 03 2017 22  11.17675 85.04854
24 03 2017 23  10.99768 87.53557
25 03 2017 00  10.96435 86.51989
25 03 2017 01  10.95179 85.63243
25 03 2017 02  10.75026 85.1195
25 03 2017 03  10.22464 88.05253
25 03 2017 04  9.462824 91.99918
25 03 2017 05  9.565029 91.25519
25 03 2017 06  9.265834 91.53298
25 03 2017 07  9.318366 92.6845
25 03 2017 08  10.26195 89.49283
25 03 2017 09  11.79341 80.21473
25 03 2017 10  12.56277 77.50944
25 03 2017 11  13.6046 70.73504
25 03 2017 12  14.04364 72.04157
25 03 2017 13  14.88022 64.45307
25 03 2017 14  15.71743 62.81893
25 03 2017 15  16.41351 61.83219
25 03 2017 16  16.88932 62.62313
25 03 2017 17  16.79696 61.35947
25 03 2017 18  13.45118 76.40935
25 03 2017 19  12.39293 86.57643
25 03 2017 20  12.05061 89.98989
25 03 2017 21  11.92349 91.8415
25 03 2017 22  11.75385 92.01401
25 03 2017 23  11.50159 92.29282