  -10.0250015       30.021969525959410     
  -10.0750008       30.030329571106101     
  -10.1250000       30.039292325056461     
  -10.1749992       30.047462753950310     
  -10.2250023       30.057514672686228     
  -10.2750015       30.068108352144442     
  -10.3250008       30.078081264108334     
  -10.3750000       30.089037246049649     
  -10.4249992       30.099981941309252     
  -10.4750023       30.111726862302511     
  -10.5250015       30.124056433408544     
  -10.5750008       30.136547404063201     
  -10.6250000       30.149804740406307     
  -10.6749992       30.163413092550798     
  -10.7250023       30.178110609480793     
  -10.7750015       30.193357787810427     
  -10.8250008       30.210092550790051     
  -10.8750000       30.227883747178339     
  -10.9249992       30.245849887133151     
  -10.9750023       30.264480812641072     
  -11.0250015       30.284287810383720     
  -11.0750008       30.303576749435685     
  -11.1250000       30.324304740406340     
  -11.1749992       30.347046275394998     
  -11.2250023       30.368047404063166     
  -11.2750015       30.388794582392777     
  -11.3250008       30.411966139954856     
  -11.3750000       30.435030474040655     
  -11.4249992       30.456805869074479     
  -11.4750023       30.485012415349861     
  -11.5250015       30.511837471783288     
  -11.5750008       30.538714446952554     
  -11.6250000       30.564900677200871     
  -11.6749992       30.594018058690757     
  -11.7250023       30.621413092550810     
  -11.7750015       30.651823927765246     
  -11.8250008       30.682639954853268     
  -11.8750000       30.713784424379192     
  -11.9249992       30.744064334085817     
  -11.9750023       30.771414221218993     
  -12.0250015       30.802444695259599     
  -12.0750008       30.831259593679473     
  -12.1250000       30.857922121896184     
  -12.1749992       30.890750564334063     
  -12.2250023       30.918108352144468     
  -12.2750015       30.943914221218932     
  -12.3250008       30.967423250564369     
  -12.3750000       30.987499999999979     
  -12.4249992       31.005493227990971     
  -12.4750023       31.039276523702078     
  -12.5250015       31.061919864559808     
  -12.5750008       31.082715575620771     
  -12.6250019       31.101740406320530     
  -12.6750011       31.124133182844243     
  -12.7250004       31.147353273137735     
  -12.7750015       31.159827313769721     
  -12.8250008       31.173351015801330     
  -12.8750019       31.191676072234738     
  -12.9250011       31.209849887133210     
  -12.9750004       31.220867945823933     
  -13.0250015       31.236081264108314     
  -13.0750008       31.257555304740372     
  -13.1250019       31.283716704289006     
  -13.1750011       31.295808126410879     
  -13.2250004       31.305992099322758     
  -13.2750015       31.316612866817135     
  -13.3250008       31.332699774266391     
  -13.3750019       31.345468397291217     
  -13.4250011       31.362647855530454     
  -13.4750004       31.377405191873542     
  -13.5250015       31.397025959367923     
  -13.5750008       31.418355530474070     
  -13.6250019       31.434001128668186     
  -13.6750011       31.452723476297987     
  -13.7250004       31.468120767494334     
  -13.7750015       31.480926636568800     
  -13.8250008       31.488835214446933     
  -13.8750019       31.506554176072253     
  -13.9250011       31.520378103837452     
  -13.9750004       31.546654627539525     
  -14.0250015       31.562712189616281     
  -14.0750008       31.583091422121875     
  -14.1250019       31.601357787810347     
  -14.1750011       31.617886004514656     
  -14.2250004       31.622586907449239     
  -14.2750015       31.635563205417611     
  -14.3250008       31.649406320541743     
  -14.3750019       31.667648984198692     
  -14.4250011       31.681393905191857     
  -14.4750004       31.701637697516968     
  -14.5250015       31.715283295711046     
  -14.5750008       31.737494356659120     
  -14.6250019       31.753685101580135     
  -14.6750011       31.768216704288925     
  -14.7250004       31.784702031602734     
  -14.7750015       31.786860045146756     
  -14.8250008       31.806610609480828     
  -14.8750019       31.803826185101563     
  -14.9250011       31.803511286681722     
  -14.9750004       31.802410835214452     
  -15.0250015       31.802132054176074     
  -15.0750008       31.799863431151245     
  -15.1250019       31.809174943566578     
  -15.1750011       31.817729119638816     
  -15.2250004       31.815399548532710     
  -15.2750015       31.811160270880322     
  -15.3250008       31.817005643340842     
  -15.3750019       31.824168171557591     
  -15.4250011       31.819467268623029     
  -15.4750004       31.816343115124130     
  -15.5250015       31.817969525959327     
  -15.5750008       31.820080135440140     
  -15.6250019       31.806148984198654     
  -15.6750011       31.797432279909650     
  -15.7250004       31.779265237020301     
  -15.7750015       31.785743792325004     
  -15.8250008       31.775660270880362     
  -15.8750019       31.767516930022587     
  -15.9250011       31.762098194130946     
  -15.9750004       31.773062076749461     
  -16.0250015       31.762326185101568     
  -16.0750008       31.767519187358925     
  -16.1250019       31.751747178329563     
  -16.1750011       31.738388261850986     
  -16.2250004       31.725620767494384     
  -16.2750015       31.726069977426675     
  -16.3250008       31.731853273137684     
  -16.3750019       31.735364559819377     
  -16.4250011       31.748703160270892     
  -16.4750004       31.748237020316072     
  -16.5250015       31.748104966139948     
  -16.5750008       31.757153498871293     
  -16.6250019       31.759935665914242     
  -16.6750011       31.756520316027071     
  -16.7250004       31.769940180586918     
  -16.7750015       31.778506772009010     
  -16.8250008       31.786572234762946     
  -16.8750019       31.771012415349851     
  -16.9250011       31.759169300225722     
  -16.9750004       31.768716704289012     
  -17.0250015       31.773802483069975     
  -17.0750008       31.780879232505622     
  -17.1250019       31.760417607223502     
  -17.1750011       31.759659142212168     
  -17.2250004       31.755180586907517     
  -17.2750015       31.730682844243777     
  -17.3250008       31.723225733634298     
  -17.3750019       31.714370203160271     
  -17.4250011       31.713115124153486     
  -17.4750004       31.721968397291224     
  -17.5250015       31.711396162528231     
  -17.5750008       31.715065462753966     
  -17.6250019       31.714971783295681     
  -17.6750011       31.721871331828435     
  -17.7250004       31.729968397291209     
  -17.7750015       31.747000000000000     
  -17.8250008       31.756077878103824     
  -17.8750019       31.762704288939062     
  -17.9250011       31.771152370203136     
  -17.9750004       31.777601580135460     
  -18.0250015       31.770282167042875     
  -18.0750008       31.761297968397287     
  -18.1250019       31.750560948081294     
  -18.1750011       31.732465011286685     
  -18.2250004       31.734597065462765     
  -18.2750015       31.747220090293442     
  -18.3250008       31.725676072234769     
  -18.3750019       31.725002257336381     
  -18.4250011       31.723889390519190     
  -18.4750004       31.723853273137681     
  -18.5250015       31.719598194130924     
  -18.5750008       31.717653498871350     
  -18.6250019       31.710203160270858     
  -18.6750011       31.700528216704299     
  -18.7250004       31.705872460496611     
  -18.7750015       31.704030474040653     
  -18.8250008       31.697724604966112     
  -18.8750019       31.679698645598222     
  -18.9250011       31.655907449209909     
  -18.9750004       31.645584650112859     
  -19.0250015       31.635387133182839     
  -19.0750008       31.627756207674981     
  -19.1250019       31.622899548532764     
  -19.1750011       31.612369074492094     
  -19.2250004       31.612150112866782     
  -19.2750015       31.610610609480798     
  -19.3250008       31.612336343115121     
  -19.3750019       31.614057562076731     
  -19.4250011       31.606756207674906     
  -19.4750004       31.605906320541820     
  -19.5250015       31.604611738149011     
  -19.5750008       31.600038374717851     
  -19.6250019       31.597345372460520     
  -19.6750011       31.604519187358921     
  -19.7250004       31.616244920993221     
  -19.7750015       31.612645598194163     
  -19.8250008       31.602935665914227     
  -19.8750019       31.602531602708744     
  -19.9250011       31.590222347629783     
  -19.9750004       31.578503386004513     
  -20.0250015       31.569234762979654     
  -20.0750008       31.563030474040662     
  -20.1250019       31.541762979683984     
  -20.1750011       31.540164785553049     
  -20.2250004       31.525294582392839     
  -20.2750015       31.502611738148996     
  -20.3250008       31.497703160270888     
  -20.3750019       31.506642212189668     
  -20.4250011       31.520138826185100     
  -20.4750004       31.511247178329526     
  -20.5250015       31.502905191873609     
  -20.5750008       31.511866817155749     
  -20.6250019       31.511390519187351     
  -20.6750011       31.511893905191911     
  -20.7250004       31.500038374717864     
  -20.7750015       31.505248306997736     
  -20.8250008       31.480851015801342     
  -20.8750019       31.466032731377030     
  -20.9250011       31.451435665914243     
  -20.9750004       31.426669300225768     
  -21.0250015       31.419643340857828     
  -21.0750008       31.407366817155793     
  -21.1250019       31.389584650112887     
  -21.1750011       31.378443566591393     
  -21.2250004       31.354283295711060     
  -21.2750015       31.327593679458225     
  -21.3250008       31.303066591422084     
  -21.3750019       31.278541760722373     
  -21.4250011       31.254231376975209     
  -21.4750004       31.229156884875859     
  -21.5250015       31.210419864559835     
  -21.5750008       31.181442437923256     
  -21.6250019       31.156981941309283     
  -21.6750011       31.132038374717798     
  -21.7250004       31.098255079006798     
  -21.7750015       31.070141083521431     
  -21.8250008       31.034953724604943     
  -21.8750019       31.012599322799122     
  -21.9250011       30.970124153498858     
  -21.9750004       30.921238148984209     
  -22.0250015       30.889316027088061     
  -22.0750008       30.863764108352182     
  -22.1250019       30.815033860045112     
  -22.1750011       30.779584650112866     
  -22.2250004       30.736103837471774     
  -22.2750015       30.692625282167054     
  -22.3250008       30.667277652370164     
  -22.3750019       30.631127539503389     
  -22.4250011       30.605908577878076     
  -22.4750004       30.557845372460534     
  -22.5250015       30.521682844243795     
  -22.5750008       30.479051918735916     
  -22.6250019       30.450045146726840     
  -22.6750011       30.410746049661391     
  -22.7250004       30.373471783295695     
  -22.7750015       30.339887133182827     
  -22.8250008       30.317095936794590     
  -22.8750019       30.279147855530447     
  -22.9250011       30.248538374717821     
  -22.9750004       30.217936794582414     
  -23.0250015       30.168330699774241     
  -23.0750008       30.136900677200885     
  -23.1250019       30.089528216704263     
  -23.1750011       30.045961625282132     
  -23.2250004       29.992050790067697     
  -23.2750015       29.947452595936802     
  -23.3250008       29.917379232505649     
  -23.3750019       29.874169300225752     
  -23.4250011       29.820445823927763     
  -23.4750004       29.805075620767482     
  -23.5250015       29.776158013544016     
  -23.5750008       29.739356659142192     
  -23.6250019       29.673434537246013     
  -23.6750011       29.636792325056462     
  -23.7250004       29.610392776523678     
  -23.7750015       29.578085778781023     
  -23.8250008       29.537797968397342     
  -23.8750019       29.501740406320526     
  -23.9250011       29.460484198645563     
  -23.9750004       29.431648984198677     
  -24.0250015       29.396173814898397     
  -24.0750008       29.386945823927796     
  -24.1250019       29.352259593679442     
  -24.1750011       29.324781038374731     
  -24.2250004       29.283204288939046     
  -24.2750015       29.259791196388246     
  -24.3250008       29.245129796839709     
  -24.3750019       29.222908577878115     
  -24.4250011       29.208260722347639     
  -24.4750004       29.169381489842028     
  -24.5250015       29.129145598194143     
  -24.5750008       29.091861173814937     
  -24.6250019       29.049720090293484     
  -24.6750011       28.984922121896201     
  -24.7250004       28.944423250564320     
  -24.7750015       28.899422121896137     
  -24.8250008       28.868367945823920     
  -24.8750019       28.823319413092545     
  -24.9250011       28.781230248306990     
  -24.9750004       28.752733634311490     
  -25.0250015       28.710950338600430     
  -25.0750008       28.681325056433426     
  -25.1250019       28.645275395033867     
  -25.1750011       28.616435665914192     
  -25.2250004       28.585819413092572     
  -25.2750015       28.560680586907431     
  -25.3250008       28.528943566591408     
  -25.3750019       28.510100451467302     
  -25.4250011       28.487537246049655     
  -25.4750004       28.457389390519204     
  -25.5250015       28.420003386004524     
  -25.5750008       28.388268623024800     
  -25.6250019       28.361837471783293     
  -25.6750011       28.331193002257340     
  -25.7250004       28.305481941309303     
  -25.7750015       28.266801354401846     
  -25.8250008       28.226389390519181     
  -25.8750019       28.181706546275400     
  -25.9250011       28.136126410835207     
  -25.9750004       28.096270880361160     
  -26.0250015       28.043602708803590     
  -26.0750008       28.002291196388253     
  -26.1250019       27.975871331828458     
  -26.1750011       27.949765237020294     
  -26.2250004       27.916470654627556     
  -26.2750015       27.890834085778788     
  -26.3250008       27.857878103837468     
  -26.3750019       27.852239277652373     
  -26.4250011       27.839033860045131     
  -26.4750004       27.826778781038385     
  -26.5250015       27.811156884875864     
  -26.5750008       27.786174943566607     
  -26.6250019       27.766413092550788     
  -26.6750011       27.756654627539501     
  -26.7250004       27.731550790067701     
  -26.7750015       27.714155756207671     
  -26.8250008       27.696696388261845     
  -26.8750019       27.681704288939031     
  -26.9250011       27.674810383747207     
  -26.9750004       27.678163656884859     
  -27.0250015       27.659089164785563     
  -27.0750008       27.647753950338629     
  -27.1250019       27.631103837471844     
  -27.1750011       27.631162528216702     
  -27.2250004       27.627957110609518     
  -27.2750015       27.625448081264111     
  -27.3250008       27.607378103837462     
  -27.3750019       27.603288939051897     
  -27.4250011       27.607597065462759     
  -27.4750004       27.599836343115115     
  -27.5250015       27.602656884875820     
  -27.5750008       27.602867945823927     
  -27.6250019       27.604855530474055     
  -27.6750011       27.605222347629795     
  -27.7250004       27.586503386004569     
  -27.7750015       27.564785553047429     
  -27.8250008       27.553569977426662     
  -27.8750019       27.541749435665931     
  -27.9250011       27.511147855530442     
  -27.9750004       27.499347629796858     
  -28.0250015       27.477963882618486     
  -28.0750008       27.461636568848725     
  -28.1250019       27.450141083521437     
  -28.1750011       27.426022573363451     
  -28.2250004       27.406895033860035     
  -28.2750015       27.369764108352154     
  -28.3250008       27.358520316027107     
  -28.3750019       27.335769751692968     
  -28.4250011       27.301077878103797     
  -28.4750004       27.286327313769711     
  -28.5250015       27.249685101580166     
  -28.5750008       27.239406320541750     
  -28.6250000       27.236332957110598     
  -28.6750011       27.224242663656899     
  -28.7250023       27.205619638826168     
  -28.7750015       27.185249435665938     
  -28.8250008       27.159274266365724     
  -28.8750000       27.141251693002204     
  -28.9250011       27.097967268623012     
  -28.9750023       27.073082392776548     
  -29.0250015       27.048890519187335     
  -29.0750008       27.017723476297967     
  -29.1250000       26.983475169300245     
  -29.1750011       26.947143340857775     
  -29.2250023       26.914332957110577     
  -29.2750015       26.841858916478561     
  -29.3250008       26.802103837471751     
  -29.3750000       26.767431151241517     
  -29.4250011       26.717407449209915     
  -29.4750023       26.658644469525981     
  -29.5250015       26.603966139954867     
  -29.5750008       26.559499999999993     
  -29.6250000       26.519299097065478     
  -29.6750011       26.460030474040636     
  -29.7250023       26.422629796839704     
  -29.7750015       26.372376975169288     
  -29.8250008       26.311695259593691     
  -29.8750000       26.254407449209932     
  -29.9250011       26.165292325056427     
  -29.9750023       26.107758465011269     
  -30.0250015       26.024381489841964     
  -30.0750008       25.960110609480804     
  -30.1250000       25.891750564334046     
  -30.1750011       25.841265237020295     
  -30.2250023       25.766932279909735     
  -30.2750015       25.703945823927768     
  -30.3250008       25.623442437923227     
  -30.3750000       25.568010158013543     
  -30.4250011       25.554416478555328     
  -30.4750023       25.545696388261863     
  -30.5250015       25.500793453724562     
  -30.5750008       25.479651241534977     
  -30.6250000       25.441120767494372     
  -30.6750011       25.407574492099329     
  -30.7250023       25.365251693002239     
  -30.7750015       25.311563205417631     
  -30.8250008       25.248656884875860     
  -30.8750000       25.155783295711068     
  -30.9250011       25.072935665914205     
  -30.9750023       25.023495485327285     
  -31.0250015       24.956816027088070     
  -31.0750008       24.882071106094823     
  -31.1250000       24.817711060948064     
  -31.1750011       24.709382618510137     
  -31.2250023       24.614518058690763     
  -31.2750015       24.547928893905198     
  -31.3250008       24.466908577878083     
  -31.3750000       24.392660270880388     
  -31.4250011       24.329262979684025     
  -31.4750023       24.246779909706500     
  -31.5250015       24.177295711060939     
  -31.5750008       24.130619638826193     
  -31.6250000       24.047541760722350     
  -31.6750011       24.004248306997734     
  -31.7250023       23.925317155756197     
  -31.7750015       23.864880361173835     
  -31.8250008       23.782457110609492     
  -31.8750000       23.668153498871344     
  -31.9250011       23.658041760722341     
  -31.9750023       23.615384875846487     
  -32.0250015       23.560470654627544     
  -32.0750008       23.490588036117391     
  -32.1250000       23.460348758464992     
  -32.1750031       23.406626410835219     
  -32.2250023       23.352715575620735     
  -32.2750015       23.291181715575600     
  -32.3250008       23.251539503385981     
  -32.3750000       23.190243792325038     
  -32.4250031       23.116545146726853     
  -32.4750023       23.052125282167047     
  -32.5250015       22.957409706546258     
  -32.5750008       22.880972911963880     
  -32.6250000       22.819713318284457     
  -32.6750031       22.747103837471805     
  -32.7250023       22.653241534988748     
  -32.7750015       22.574612866817152     
  -32.8250008       22.486935665914206     
  -32.8750000       22.413472911963918     
  -32.9250031       22.344240406320555     
  -32.9750023       22.295430022573345     
  -33.0250015       22.226115124153505     
  -33.0750008       22.168488713318293     
  -33.1250000       22.107884875846530     
  -33.1750031       22.048642212189637     
  -33.2250023       21.964854401805848     
  -33.2750015       21.872237020316021     
  -33.3250008       21.786633182844270     
  -33.3750000       21.707463882618509     
  -33.4250031       21.632600451467287     
  -33.4750023       21.562862302483094     
  -33.5250015       21.524702031602718     
  -33.5750008       21.470144469525973     
  -33.6250000       21.389546275395041     
  -33.6750031       21.305323927765251     
  -33.7250023       21.223281038374711     
  -33.7750015       21.161913092550748     
  -33.8250008       21.099546275395024     
  -33.8750000       21.011913092550799     
  -33.9250031       20.961246049661405     
  -33.9750023       20.912790067720078     
  -34.0250015       20.859449209932283     
  -34.0750008       20.795981941309243     
  -34.1250000       20.712354401805886     
  -34.1750031       20.636495485327323     
  -34.2250023       20.563268623024864     
  -34.2750015       20.480534988713348     
  -34.3250008       20.403028216704321     
  -34.3750000       20.309050790067698     
  -34.4250031       20.219478555304754     
  -34.4750023       20.147891647855520     
  -34.5250015       20.073909706546271     
  -34.5750008       20.003893905191884     
  -34.6250000       19.923051918735887     
  -34.6750031       19.853582392776516     
  -34.7250023       19.806233634311550     
  -34.7750015       19.749884875846487     
  -34.8250008       19.684104966139920     
  -34.8750000       19.601633182844242     
  -34.9250031       19.522132054176069     
  -34.9750023       19.429984198645592     
  -35.0250015       19.350100451467270     
  -35.0750008       19.274542889390538     
  -35.1250000       19.193642212189619     
  -35.1750031       19.105671557562115     
  -35.2250023       19.022037246049642     
  -35.2750015       18.948415349887121     
  -35.3250008       18.870318284424378     
  -35.3750000       18.783813769751710     
  -35.4250031       18.683715575620781     
  -35.4750023       18.591486455981961     
  -35.5250015       18.483567720090281     
  -35.5750008       18.379975169300213     
  -35.6250000       18.310619638826179     
  -35.6750031       18.225639954853271     
  -35.7250023       18.146670428893920     
  -35.7750015       18.041652370203149     
  -35.8250008       17.965698645598195     
  -35.8750000       17.873765237020333     
  -35.9250031       17.813862302483066     
  -35.9750023       17.782001128668178     
  -36.0250015       17.710820541760725     
  -36.0750008       17.643409706546276     
  -36.1250000       17.549176072234765     
  -36.1750031       17.488541760722352     
  -36.2250023       17.415901805869069     
  -36.2750015       17.312121896162520     
  -36.3250008       17.252511286681717     
  -36.3750000       17.160272009029367     
  -36.4250031       17.056782167042908     
  -36.4750023       17.010047404063208     
  -36.5250015       16.923480812641074     
  -36.5750008       16.860005643340866     
  -36.6250000       16.783054176072213     
  -36.6750031       16.709364559819409     
  -36.7250023       16.644392776523691     
  -36.7750015       16.513458239277661     
  -36.8250008       16.424520316027092     
  -36.8750000       16.291121896162537     
  -36.9250031       16.198582392776551     
  -36.9750023       16.113181715575639     
  -37.0250015       16.038167042889377     
  -37.0750008       15.958445823927764     
  -37.1250000       15.864047404063200     
  -37.1750031       15.795013544018058     
  -37.2250023       15.739182844243789     
  -37.2750015       15.679935665914225     
  -37.3250008       15.561531602708806     
  -37.3750000       15.512776523702021     
  -37.4250031       15.438564334085783     
  -37.4750023       15.399532731376988     
  -37.5250015       15.363908577878103     
  -37.5750008       15.354615124153487     
  -37.6250000       15.323283295711047     
  -37.6750031       15.322524830699763     
  -37.7250023       15.308173814898414     
  -37.7750015       15.278507900677219     
  -37.8250008       15.223528216704283     
  -37.8750000       15.190325056433419     
  -37.9250031       15.167664785553043     
  -37.9750023       15.147825056433408     
  -38.0250015       15.104796839729120     
  -38.0750008       15.067154627539503     
  -38.1250000       15.020971783295714     
  -38.1750031       14.965575620767504     
  -38.2250023       14.890759593679448     
  -38.2750015       14.813979683972896     
  -38.3250008       14.744331828442457     
  -38.3750000       14.673671557562058     
  -38.4250031       14.603222347629799     
  -38.4750023       14.551942437923255     
  -38.5250015       14.507891647855518     
  -38.5750008       14.453520316027101     
  -38.6250000       14.392019187358926     
  -38.6750031       14.339913092550786     
  -38.7250023       14.304470654627538     
  -38.7750015       14.257040632054158     
  -38.8250008       14.203914221218952     
  -38.8750000       14.146898419864559     
  -38.9250031       14.088812641083511     
  -38.9750023       14.028965011286687     
  -39.0250015       13.969881489841962     
  -39.0750008       13.914453724604941     
  -39.1250000       13.861127539503379     
  -39.1750031       13.809980812641054     
  -39.2250023       13.755474040632054     
  -39.2750015       13.701887133182845     
  -39.3250008       13.648858916478568     
  -39.3750000       13.596452595936793     
  -39.4250031       13.544544018058689     
  -39.4750023       13.493246049661400     
  -39.5250015       13.442743792325050     
  -39.5750008       13.393107223476306     
  -39.6250000       13.344092550790071     
  -39.6750031       13.294354401805862     
  -39.7250023       13.247953724604985     
  -39.7750015       13.201241534988700     
  -39.8250008       13.154572234762982     
  -39.8750000       13.108345372460493     
  -39.9250031       13.063516930022567     
  -39.9750023       13.017966139954861     
  -40.0250015       12.973237020316043     
  -40.0750008       12.930146726862311     
  -40.1250000       12.888528216704287     
  -40.1750031       12.847566591422130     
  -40.2250023       12.800762979683975     
  -40.2750015       12.760897291196379     
  -40.3250008       12.718919864559815     
  -40.3750000       12.674138826185111     
  -40.4250031       12.626270880361185     
  -40.4750023       12.587534988713319     
  -40.5250015       12.546688487584655     
  -40.5750008       12.502730248307001     
  -40.6250000       12.461419864559833     
  -40.6750031       12.419249435665897     
  -40.7250023       12.376068848758457     
  -40.7750015       12.335559819413103     
  -40.8250008       12.292523702031586     
  -40.8750000       12.248598194130928     
  -40.9250031       12.202354401805875     
  -40.9750023       12.150225733634311     
  -41.0250015       12.102237020316027     
  -41.0750008       12.045603837471784     
  -41.1250000       11.992217832957104     
  -41.1750031       11.926218961625276     
  -41.2250023       11.857646726862301     
  -41.2750015       11.796651241534981     
  -41.3250008       11.729081264108375     
  -41.3750000       11.664895033860033     
  -41.4250031       11.637952595936779     
  -41.4750023       11.600177200902921     
  -41.5250015       11.562305869074498     
  -41.5750008       11.498632054176060     
  -41.6250000       11.473909706546280     
  -41.6750031       11.408821670428898     
  -41.7250023       11.377205417607220     
  -41.7750015       11.303556433408565     
  -41.8250008       11.280646726862287     
  -41.8750000       11.210467268623011     
  -41.9250031       11.140102708803605     
  -41.9750023       11.113253950338594     
  -42.0250015       11.074770880361159     
  -42.0750008       11.054021444695247     
  -42.1250000       11.028563205417607     
  -42.1750031       11.007396162528218     
  -42.2250023       10.973349887133187     
  -42.2750015       10.932776523702030     
  -42.3250008       10.917852144469510     
  -42.3750000       10.921237020316012     
  -42.4250031       10.892382618510148     
  -42.4750023       10.856820541760728     
  -42.5250015       10.814898419864551     
  -42.5750008       10.779132054176076     
  -42.6250000       10.742294582392773     
  -42.6750031       10.690579006771999     
  -42.7250023       10.648034988713331     
  -42.7750015       10.657715575620767     
  -42.8250008       10.602746049661393     
  -42.8750000       10.531433408577884     
  -42.9250031       10.485671557562082     
  -42.9750023       10.482522573363420     
  -43.0250015       10.472494356659139     
  -43.0750008       10.421414221218974     
  -43.1250000       10.398414221218960     
  -43.1750031       10.349214446952601     
  -43.2250023       10.307953724604982     
  -43.2750015       10.268618510158015     
  -43.3250008       10.232931151241539     
  -43.3750000       10.206119638826191     
  -43.4250031       10.170364559819410     
  -43.4750023       10.117111738149001     
  -43.5250015       10.086976297968391     
  -43.5750008       10.078148984198654     
  -43.6250000       10.041401805869061     
  -43.6750031       10.007416478555314     
  -43.7250023       9.9659164785553020     
  -43.7750015       9.9254277652370160     
  -43.8250008       9.8849164785552954     
  -43.8750000       9.8443905191873782     
  -43.9250031       9.8037799097065470     
  -43.9750023       9.7631320541760704     
  -44.0250015       9.7229345372460436     
  -44.0750008       9.6830372460496594     
  -44.1250000       9.6429559819413200     
  -44.1750031       9.6032302483070033     
  -44.2250023       9.5633882618510189     
  -44.2750015       9.5235846501128840     
  -44.3250008       9.4837595936794568     
  -44.3750000       9.4440225733634318     
  -44.4250031       9.4045756207674902     
  -44.4750023       9.3651625282167004     
  -44.5250015       9.3258916478555243     
